13 8 1
19 10 1
21 13 1
21 20 1
24 6 1
25 2 1
25 8 1
26 2 1
27 12 1
28 7 1
29 24 1
30 28 1
31 6 1
31 20 1
32 0 1
34 3 1
34 9 1
35 0 1
38 7 1
41 30 1
42 1 1
43 35 1
43 36 1
45 11 1
45 13 1
46 28 1
46 45 1
47 20 1
48 5 1
49 8 1
49 36 1
50 10 1
53 11 1
53 32 1
54 17 1
56 12 1
56 47 1
57 1 1
57 31 1
58 26 1
59 14 1
60 1 1
62 23 1
62 52 1
63 24 1
64 14 1
65 7 1
67 4 1
67 56 1
68 16 1
69 43 1
72 6 1
72 51 1
72 61 1
74 49 1
74 73 1
75 37 1
75 74 1
76 54 1
78 10 1
78 46 1
78 54 1
79 34 1
80 18 1
80 55 1
81 2 1
81 33 1
81 66 1
82 75 1
83 30 1
85 32 1
86 36 1
86 40 1
86 71 1
87 16 1
87 47 1
87 79 1
88 5 1
89 15 1
89 57 1
89 84 1
90 5 1
90 14 1
90 25 1
91 22 1
91 39 1
91 79 1
92 16 1
92 77 1
93 73 1
94 67 1
95 12 1
96 44 1
96 53 1
96 70 1
97 11 1
97 62 1
97 80 1
98 73 1
99 26 1
