13 8 14999
17 1 29999
17 14 14999
21 4 120001
23 22 14999
24 0 14999
27 10 30000
27 21 59999
29 15 120000
31 18 30001
31 29 60001
35 9 15000
37 31 30001
38 10 15001
39 32 15000
40 35 15001
41 30 119999
42 13 29999
43 0 15001
44 2 15001
45 39 29999
46 33 30001
47 23 15000
50 44 30001
51 26 30000
51 48 30001
52 49 30000
53 3 30000
53 41 60001
55 30 120000
55 46 60000
55 49 60001
56 36 15000
56 42 30000
57 35 30001
58 49 30000
60 20 15000
60 57 30000
61 50 30001
61 59 14999
62 34 15000
63 46 30000
65 1 30000
65 19 15001
65 54 15000
66 48 14999
67 56 15001
69 17 15001
72 4 240001
72 68 480000
73 25 29999
73 28 14999
74 72 239999
75 73 15001
76 10 14999
77 15 240001
77 30 240001
77 68 480001
79 12 15001
79 25 29999
79 71 15000
80 13 15000
81 5 14999
81 6 15001
81 45 30000
82 15 120001
82 51 59999
82 57 59999
83 53 30000
84 1 60001
84 4 120000
84 42 59999
85 21 60001
85 23 29999
86 27 29999
86 70 14999
87 0 29999
87 34 29999
88 7 29999
88 16 29999
88 41 59999
89 86 14999
90 45 60001
90 50 59999
90 74 120000
91 25 60001
91 74 120001
91 87 60001
92 34 15000
93 61 14999
95 39 14999
96 29 60000
96 64 30001
96 78 29999
97 44 15000
97 83 1
98 60 14999
99 11 15001
99 85 30001
99 94 15000
