100
0 9 39 28 2 36 27 28 35 6 25 25 20 8 45 22 1 34 18 37 10 41 48 38 34 35 26 32 14 49 7 27 10 23 41 43 21 50 47 14 11 20 9 44 12 8 29 17 45 21 3 1 31 24 44 36 3 16 15 49 4 24 30 13 40 6 19 38 15 33 33 5 17 47 5 29 46 46 12 37 48 42 18 31 39 43 42 40 2 13 19 4 32 23 16 26 22 11 7 30
9 0 48 19 7 27 18 37 44 3 16 34 11 1 36 13 10 43 9 46 19 50 43 47 25 26 17 23 5 40 2 36 1 14 32 48 12 41 44 23 20 29 18 47 21 17 38 26 46 30 6 8 22 15 35 45 12 7 6 42 5 33 21 4 31 15 28 29 24 24 42 14 8 38 4 20 45 37 3 28 39 33 27 40 30 34 49 49 11 22 10 13 41 32 25 35 31 2 16 39
39 48 0 33 41 25 34 11 4 45 36 14 41 47 16 39 38 5 43 2 29 2 9 1 27 26 35 29 47 12 46 12 49 38 20 4 40 11 8 25 28 19 30 5 27 31 10 22 6 18 42 40 30 37 17 3 36 45 46 10 43 15 31 48 21 33 20 23 24 28 6 34 44 14 44 32 7 15 49 24 13 19 21 8 22 18 3 1 37 26 42 35 7 16 23 13 17 50 32 9
28 19 33 0 26 8 1 44 37 22 3 47 8 20 17 6 29 38 10 35 38 31 24 34 6 7 2 4 14 21 21 45 18 5 13 29 7 22 25 42 39 48 37 28 40 36 43 45 27 49 25 27 3 4 16 36 31 12 13 23 24 48 2 15 12 34 47 10 43 5 39 33 11 19 23 1 26 18 16 9 20 14 46 41 11 15 30 32 30 41 9 32 40 49 44 46 50 17 35 42
2 7 41 26 0 34 25 30 37 4 23 27 18 6 43 20 3 36 16 39 12 43 50 40 32 33 24 30 12 47 5 29 8 21 39 45 19 48 49 16 13 22 11 46 14 10 31 19 47 23 1 1 29 22 42 38 5 14 13 49 2 26 28 11 38 8 21 36 17 31 35 7 15 45 3 27 48 44 10 35 46 40 20 33 37 41 44 42 4 15 17 6 34 25 18 28 24 9 9 32
36 27 25 8 34 0 9 36 29 30 11 39 16 28 9 14 37 30 18 27 46 23 16 26 2 1 10 4 22 13 29 37 26 13 5 21 15 14 17 50 47 44 45 20 48 44 35 47 19 43 33 35 5 12 8 28 39 20 21 15 32 40 6 23 4 42 45 2 49 3 31 41 19 11 31 7 18 10 24 1 12 6 46 33 3 7 22 24 38 49 17 40 32 41 48 38 42 25 43 34
27 18 34 1 25 9 0 45 38 21 2 48 7 19 18 5 28 39 9 36 37 32 25 35 7 8 1 5 13 22 20 46 17 4 14 30 6 23 26 41 38 47 36 29 39 35 44 44 28 48 24 26 4 3 17 37 30 11 12 24 23 49 3 14 13 33 46 11 42 6 40 32 10 20 22 2 27 19 15 10 21 15 45 42 12 16 31 33 29 40 8 31 41 50 43 47 49 16 34 43
28 37 11 44 30 36 45 0 7 34 47 3 48 36 27 50 27 6 46 9 18 13 20 10 38 37 46 40 42 23 35 1 38 49 31 15 49 22 19 14 17 8 19 16 16 20 1 11 17 7 31 29 41 48 28 8 25 44 43 21 32 4 42 41 32 22 9 34 13 39 5 23 45 25 33 43 18 26 40 35 24 30 10 3 33 29 14 12 26 15 47 24 4 5 12 2 6 39 21 2
35 44 4 37 37 29 38 7 0 41 40 10 45 43 20 43 34 1 47 2 25 6 13 3 31 30 39 33 49 16 42 8 45 42 24 8 44 15 12 21 24 15 26 9 23 27 6 18 10 14 38 36 34 41 21 1 32 49 50 14 39 11 35 48 25 29 16 27 20 32 2 30 48 18 40 36 11 19 47 28 17 23 17 4 26 22 7 5 33 22 46 31 3 12 19 9 13 46 28 5
6 3 45 22 4 30 21 34 41 0 19 31 14 2 39 16 7 40 12 43 16 47 46 44 28 29 20 26 8 43 1 33 4 17 35 49 15 44 47 20 17 26 15 50 18 14 35 23 49 27 3 5 25 18 38 42 9 10 9 45 2 30 24 7 34 12 25 32 21 27 39 11 11 41 1 23 48 40 6 31 42 36 24 37 33 37 48 46 8 19 13 10 38 29 22 32 28 5 13 36
25 16 36 3 23 11 2 47 40 19 0 50 5 17 20 3 26 41 7 38 35 34 27 37 9 10 1 7 11 24 18 48 15 2 16 32 4 25 28 39 36 45 34 31 37 33 46 42 30 46 22 24 6 1 19 39 28 9 10 26 21 49 5 12 15 31 44 13 40 8 42 30 8 22 20 4 29 21 13 12 23 17 43 44 14 18 33 35 27 38 6 29 43 48 41 49 47 14 32 45
25 34 14 47 27 39 48 3 10 31 50 0 45 33 30 47 24 9 43 12 15 16 23 13 41 40 49 43 39 26 32 2 35 48 34 18 46 25 22 11 14 5 16 19 13 17 4 8 20 4 28 26 44 49 31 11 22 41 40 24 29 1 45 38 35 19 6 37 10 42 8 20 42 28 30 46 21 29 37 38 27 33 7 6 36 32 17 15 23 12 44 21 7 2 9 1 3 36 18 5
20 11 41 8 18 16 7 48 45 14 5 45 0 12 25 2 21 46 2 43 30 39 32 42 14 15 6 12 6 29 13 47 10 3 21 37 1 30 33 34 31 40 29 36 32 28 49 37 35 41 17 19 11 4 24 44 23 4 5 31 16 44 10 7 20 26 39 18 35 13 47 25 3 27 15 9 34 26 8 17 28 22 38 49 19 23 38 40 22 33 1 24 48 43 36 46 42 9 27 50
8 1 47 20 6 28 19 36 43 2 17 33 12 0 37 14 9 42 10 45 18 49 44 46 26 27 18 24 6 41 1 35 2 15 33 49 13 42 45 22 19 28 17 48 20 16 37 25 47 29 5 7 23 16 36 44 11 8 7 43 4 32 22 5 32 14 27 30 23 25 41 13 9 39 3 21 46 38 4 29 40 34 26 39 31 35 50 48 10 21 11 12 40 31 24 34 30 3 15 38
45 36 16 17 43 9 18 27 20 39 20 30 25 37 0 23 46 21 27 18 45 14 7 17 11 10 19 13 31 4 38 28 35 22 4 12 24 5 8 41 44 35 46 11 43 47 26 38 10 34 42 44 14 21 1 19 48 29 30 6 41 31 15 32 5 49 36 7 40 12 22 50 28 2 40 16 9 1 33 8 3 3 37 24 6 2 13 15 47 42 26 49 23 32 39 29 33 34 48 25
22 13 39 6 20 14 5 50 43 16 3 47 2 14 23 0 23 44 4 41 32 37 30 40 12 13 4 10 8 27 15 49 12 1 19 35 1 28 31 36 33 42 31 34 34 30 49 39 33 43 19 21 9 2 22 42 25 6 7 29 18 46 8 9 18 28 41 16 37 11 45 27 5 25 17 7 32 24 10 15 26 20 40 47 17 21 36 38 24 35 3 26 46 45 38 48 44 11 29 48
1 10 38 29 3 37 28 27 34 7 26 24 21 9 46 23 0 33 19 36 9 40 47 37 35 36 27 33 15 50 8 26 11 24 42 42 22 49 46 13 10 19 8 43 11 7 28 16 44 20 4 2 32 25 45 35 2 17 16 48 5 23 31 14 41 5 18 39 14 34 32 4 18 48 6 30 45 47 13 38 49 43 17 30 40 44 41 39 1 12 20 3 31 22 15 25 21 12 6 29
34 43 5 38 36 30 39 6 1 40 41 9 46 42 21 44 33 0 48 3 24 7 14 4 32 31 40 34 48 17 41 7 44 43 25 9 45 16 13 20 23 14 25 10 22 26 5 17 11 13 37 35 35 42 22 2 31 50 49 15 38 10 36 47 26 28 15 28 19 33 1 29 49 19 39 37 12 20 46 29 18 24 16 3 27 23 8 6 32 21 47 30 2 11 18 8 12 45 27 4
18 9 43 10 16 18 9 46 47 12 7 43 2 10 27 4 19 48 0 45 28 41 34 44 16 17 8 14 4 31 11 45 8 5 23 39 3 32 35 32 29 38 27 38 30 26 47 35 37 39 15 17 13 6 26 46 21 2 3 33 14 42 12 5 22 24 37 20 33 15 49 23 1 29 13 11 36 28 6 19 30 24 36 49 21 25 40 42 20 31 1 22 50 41 34 44 40 7 25 48
37 46 2 35 39 27 36 9 2 43 38 12 43 45 18 41 36 3 45 0 27 4 11 1 29 28 37 31 49 14 44 10 47 40 22 6 42 13 10 23 26 17 28 7 25 29 8 20 8 16 40 38 32 39 19 1 34 47 48 12 41 13 33 50 23 31 18 25 22 30 4 32 46 16 42 34 9 17 49 26 15 21 19 6 24 20 5 3 35 24 44 33 5 14 21 11 15 48 30 7
10 19 29 38 12 46 37 18 25 16 35 15 30 18 45 32 9 24 28 27 0 31 38 28 44 45 36 42 24 41 17 17 20 33 49 33 31 40 37 4 1 10 1 34 2 2 19 7 35 11 13 11 41 34 46 26 7 26 25 39 14 14 40 23 50 4 9 48 5 43 23 5 27 43 15 39 36 44 22 47 42 48 8 21 49 47 32 30 8 3 29 6 22 13 6 16 12 21 3 20
41 50 2 31 43 23 32 13 6 47 34 16 39 49 14 37 40 7 41 4 31 0 7 3 25 24 33 27 45 10 48 14 49 36 18 2 38 9 6 27 30 21 32 3 29 33 12 24 4 20 44 42 28 35 15 5 38 43 44 8 45 17 29 46 19 35 22 21 26 26 8 36 42 12 46 30 5 13 47 22 11 17 23 10 20 16 1 1 39 28 40 37 9 18 25 15 19 48 34 11
48 43 9 24 50 16 25 20 13 46 27 23 32 44 7 30 47 14 34 11 38 7 0 10 18 17 26 20 38 3 45 21 42 29 11 5 31 2 1 34 37 28 39 4 36 40 19 31 3 27 49 49 21 28 8 12 45 36 37 1 48 24 22 39 12 42 29 14 33 19 15 43 35 5 47 23 2 6 40 15 4 10 30 17 13 9 6 8 46 35 33 44 16 25 32 22 26 41 41 18
38 47 1 34 40 26 35 10 3 44 37 13 42 46 17 40 37 4 44 1 28 3 10 0 28 27 36 30 48 13 45 11 48 39 21 5 41 12 9 24 27 18 29 6 26 30 9 21 7 17 41 39 31 38 18 2 35 46 47 11 42 14 32 49 22 32 19 24 23 29 5 33 45 15 43 33 8 16 50 25 14 20 20 7 23 19 4 2 36 25 43 34 6 15 22 12 16 49 31 8
34 25 27 6 32 2 7 38 31 28 9 41 14 26 11 12 35 32 16 29 44 25 18 28 0 1 8 2 20 15 27 39 24 11 7 23 13 16 19 48 45 46 43 22 46 42 37 49 21 45 31 33 3 10 10 30 37 18 19 17 30 42 4 21 6 40 47 4 49 1 33 39 17 13 29 5 20 12 22 3 14 8 48 35 5 9 24 26 36 47 15 38 34 43 50 40 44 23 41 36
35 26 26 7 33 1 8 37 30 29 10 40 15 27 10 13 36 31 17 28 45 24 17 27 1 0 9 3 21 14 28 38 25 12 6 22 14 15 18 49 46 45 44 21 47 43 36 48 20 44 32 34 4 11 9 29 38 19 20 16 31 41 5 22 5 41 46 3 50 2 32 40 18 12 30 6 19 11 23 2 13 7 47 34 4 8 23 25 37 48 16 39 33 42 49 39 43 24 42 35
26 17 35 2 24 10 1 46 39 20 1 49 6 18 19 4 27 40 8 37 36 33 26 36 8 9 0 6 12 23 19 47 16 3 15 31 5 24 27 40 37 46 35 30 38 34 45 43 29 47 23 25 5 2 18 38 29 10 11 25 22 50 4 13 14 32 45 12 41 7 41 31 9 21 21 3 28 20 14 11 22 16 44 43 13 17 32 34 28 39 7 30 42 49 42 48 48 15 33 44
32 23 29 4 30 4 5 40 33 26 7 43 12 24 13 10 33 34 14 31 42 27 20 30 2 3 6 0 18 17 25 41 22 9 9 25 11 18 21 46 43 48 41 24 44 40 39 49 23 47 29 31 1 8 12 32 35 16 17 19 28 44 2 19 8 38 49 6 47 1 35 37 15 15 27 3 22 14 20 5 16 10 50 37 7 11 26 28 34 45 13 36 36 45 48 42 46 21 39 38
14 5 47 14 12 22 13 42 49 8 11 39 6 6 31 8 15 48 4 49 24 45 38 48 20 21 12 18 0 35 7 41 4 9 27 43 7 36 39 28 25 34 23 42 26 22 43 31 41 35 11 13 17 10 30 50 17 2 1 37 10 38 16 1 26 20 33 24 29 19 47 19 3 33 9 15 40 32 2 23 34 28 32 45 25 29 44 46 16 27 5 18 46 37 30 40 36 3 21 44
49 40 12 21 47 13 22 23 16 43 24 26 29 41 4 27 50 17 31 14 41 10 3 13 15 14 23 17 35 0 42 24 39 26 8 8 28 1 4 37 40 31 42 7 39 43 22 34 6 30 46 48 18 25 5 15 48 33 34 2 45 27 19 36 9 45 32 11 36 16 18 46 32 2 44 20 5 3 37 12 1 7 33 20 10 6 9 11 49 38 30 47 19 28 35 25 29 38 44 21
7 2 46 21 5 29 20 35 42 1 18 32 13 1 38 15 8 41 11 44 17 48 45 45 27 28 19 25 7 42 0 34 3 16 34 50 14 43 46 21 18 27 16 49 19 15 36 24 48 28 4 6 24 17 37 43 10 9 8 44 3 31 23 6 33 13 26 31 22 26 40 12 10 40 2 22 47 39 5 30 41 35 25 38 32 36 49 47 9 20 12 11 39 30 23 33 29 4 14 37
27 36 12 45 29 37 46 1 8 33 48 2 47 35 28 49 26 7 45 10 17 14 21 11 39 38 47 41 41 24 34 0 37 50 32 16 48 23 20 13 16 7 18 17 15 19 2 10 18 6 30 28 42 49 29 9 24 43 42 22 31 3 43 40 33 21 8 35 12 40 6 22 44 26 32 44 19 27 39 36 25 31 9 4 34 30 15 13 25 14 46 23 5 4 11 1 5 38 20 3
10 1 49 18 8 26 17 38 45 4 15 35 10 2 35 12 11 44 8 47 20 49 42 48 24 25 16 22 4 39 3 37 0 13 31 47 11 40 43 24 21 30 19 46 22 18 39 27 45 31 7 9 21 14 34 46 13 6 5 41 6 34 20 3 30 16 29 28 25 23 43 15 7 37 5 19 44 36 2 27 38 32 28 41 29 33 48 50 12 23 9 14 42 33 26 36 32 1 17 40
23 14 38 5 21 13 4 49 42 17 2 48 3 15 22 1 24 43 5 40 33 36 29 39 11 12 3 9 9 26 16 50 13 0 18 34 2 27 30 37 34 43 32 33 35 31 48 40 32 44 20 22 8 1 21 41 26 7 8 28 19 47 7 10 17 29 42 15 38 10 44 28 6 24 18 6 31 23 11 14 25 19 41 46 16 20 35 37 25 36 4 27 45 46 39 49 45 12 30 47
41 32 20 13 39 5 14 31 24 35 16 34 21 33 4 19 42 25 23 22 49 18 11 21 7 6 15 9 27 8 34 32 31 18 0 16 20 9 12 45 48 39 50 15 47 49 30 42 14 38 38 40 10 17 3 23 44 25 26 10 37 35 11 28 1 47 40 3 44 8 26 46 24 6 36 12 13 5 29 4 7 1 41 28 2 2 17 19 43 46 22 45 27 36 43 33 37 30 48 29
43 48 4 29 45 21 30 15 8 49 32 18 37 49 12 35 42 9 39 6 33 2 5 5 23 22 31 25 43 8 50 16 47 34 16 0 36 7 4 29 32 23 34 1 31 35 14 26 2 22 46 44 26 33 13 7 40 41 42 6 47 19 27 44 17 37 24 19 28 24 10 38 40 10 48 28 3 11 45 20 9 15 25 12 18 14 1 3 41 30 38 39 11 20 27 17 21 46 36 13
21 12 40 7 19 15 6 49 44 15 4 46 1 13 24 1 22 45 3 42 31 38 31 41 13 14 5 11 7 28 14 48 11 2 20 36 0 29 32 35 32 41 30 35 33 29 50 38 34 42 18 20 10 3 23 43 24 5 6 30 17 45 9 8 19 27 40 17 36 12 46 26 4 26 16 8 33 25 9 16 27 21 39 48 18 22 37 39 23 34 2 25 47 44 37 47 43 10 28 49
50 41 11 22 48 14 23 22 15 44 25 25 30 42 5 28 49 16 32 13 40 9 2 12 16 15 24 18 36 1 43 23 40 27 9 7 29 0 3 36 39 30 41 6 38 42 21 33 5 29 47 49 19 26 6 14 47 34 35 1 46 26 20 37 10 44 31 12 35 17 17 45 33 3 45 21 4 4 38 13 2 8 32 19 11 7 8 10 48 37 31 46 18 27 34 24 28 39 43 20
47 44 8 25 49 17 26 19 12 47 28 22 33 45 8 31 46 13 35 10 37 6 1 9 19 18 27 21 39 4 46 20 43 30 12 4 32 3 0 33 36 27 38 3 35 39 18 30 2 26 50 48 22 29 9 11 44 37 38 2 49 23 23 40 13 41 28 15 32 20 14 42 36 6 48 24 1 7 41 16 5 11 29 16 14 10 5 7 45 34 34 43 15 24 31 21 25 42 40 17
14 23 25 42 16 50 41 14 21 20 39 11 34 22 41 36 13 20 32 23 4 27 34 24 48 49 40 46 28 37 21 13 24 37 45 29 35 36 33 0 3 6 5 30 2 6 15 3 31 7 17 15 45 38 42 22 11 30 29 35 18 10 44 27 46 8 5 48 1 47 19 9 31 39 19 43 32 40 26 49 38 44 4 17 47 43 28 26 12 1 33 10 18 9 2 12 8 25 7 16
11 20 28 39 13 47 38 17 24 17 36 14 31 19 44 33 10 23 29 26 1 30 37 27 45 46 37 43 25 40 18 16 21 34 48 32 32 39 36 3 0 9 2 33 1 3 18 6 34 10 14 12 42 35 45 25 8 27 26 38 15 13 41 24 49 5 8 49 4 44 22 6 28 42 16 40 35 43 23 48 41 47 7 20 50 46 31 29 9 2 30 7 21 12 5 15 11 22 4 19
20 29 19 48 22 44 47 8 15 26 45 5 40 28 35 42 19 14 38 17 10 21 28 18 46 45 46 48 34 31 27 7 30 43 39 23 41 30 27 6 9 0 11 24 8 12 9 3 25 1 23 21 49 44 36 16 17 36 35 29 24 4 50 33 40 14 1 42 5 47 13 15 37 33 25 49 26 34 32 43 32 38 2 11 41 37 22 20 18 7 39 16 12 3 4 6 2 31 13 10
9 18 30 37 11 45 36 19 26 15 34 16 29 17 46 31 8 25 27 28 1 32 39 29 43 44 35 41 23 42 16 18 19 32 50 34 30 41 38 5 2 11 0 35 3 1 20 8 36 12 12 10 40 33 47 27 6 25 24 40 13 15 39 22 49 3 10 47 6 42 24 4 26 44 14 38 37 45 21 46 43 49 9 22 48 48 33 31 7 4 28 5 23 14 7 17 13 20 2 21
44 47 5 28 46 20 29 16 9 50 31 19 36 48 11 34 43 10 38 7 34 3 4 6 22 21 30 24 42 7 49 17 46 33 15 1 35 6 3 30 33 24 35 0 32 36 15 27 1 23 47 45 25 32 12 8 41 40 41 5 48 20 26 43 16 38 25 18 29 23 11 39 39 9 49 27 2 10 44 19 8 14 26 13 17 13 2 4 42 31 37 40 12 21 28 18 22 45 37 14
12 21 27 40 14 48 39 16 23 18 37 13 32 20 43 34 11 22 30 25 2 29 36 26 46 47 38 44 26 39 19 15 22 35 47 31 33 38 35 2 1 8 3 32 0 4 17 5 33 9 15 13 43 36 44 24 9 28 27 37 16 12 42 25 48 6 7 50 3 45 21 7 29 41 17 41 34 42 24 49 40 46 6 19 49 45 30 28 10 1 31 8 20 11 4 14 10 23 5 18
8 17 31 36 10 44 35 20 27 14 33 17 28 16 47 30 7 26 26 29 2 33 40 30 42 43 34 40 22 43 15 19 18 31 49 35 29 42 39 6 3 12 1 36 4 0 21 9 37 13 11 9 39 32 48 28 5 24 23 41 12 16 38 21 48 2 11 46 7 41 25 3 25 45 13 37 38 46 20 45 44 50 10 23 47 49 34 32 6 5 27 4 24 15 8 18 14 19 1 22
29 38 10 43 31 35 44 1 6 35 46 4 49 37 26 49 28 5 47 8 19 12 19 9 37 36 45 39 43 22 36 2 39 48 30 14 50 21 18 15 18 9 20 15 17 21 0 12 16 8 32 30 40 47 27 7 26 45 44 20 33 5 41 42 31 23 10 33 14 38 4 24 46 24 34 42 17 25 41 34 23 29 11 2 32 28 13 11 27 16 48 25 3 6 13 3 7 40 22 1
17 26 22 45 19 47 44 11 18 23 42 8 37 25 38 39 16 17 35 20 7 24 31 21 49 48 43 49 31 34 24 10 27 40 42 26 38 33 30 3 6 3 8 27 5 9 12 0 28 4 20 18 48 41 39 19 14 33 32 32 21 7 47 30 43 11 2 45 2 50 16 12 34 36 22 46 29 37 29 46 35 41 1 14 44 40 25 23 15 4 36 13 15 6 1 9 5 28 10 13
45 46 6 27 47 19 28 17 10 49 30 20 35 47 10 33 44 11 37 8 35 4 3 7 21 20 29 23 41 6 48 18 45 32 14 2 34 5 2 31 34 25 36 1 33 37 16 28 0 24 48 46 24 31 11 9 42 39 40 4 49 21 25 42 15 39 26 17 30 22 12 40 38 8 50 26 1 9 43 18 7 13 27 14 16 12 3 5 43 32 36 41 13 22 29 19 23 44 38 15
21 30 18 49 23 43 48 7 14 27 46 4 41 29 34 43 20 13 39 16 11 20 27 17 45 44 47 47 35 30 28 6 31 44 38 22 42 29 26 7 10 1 12 23 9 13 8 4 24 0 24 22 48 45 35 15 18 37 36 28 25 3 49 34 39 15 2 41 6 46 12 16 38 32 26 50 25 33 33 42 31 37 3 10 40 36 21 19 19 8 40 17 11 2 5 5 1 32 14 9
3 6 42 25 1 33 24 31 38 3 22 28 17 5 42 19 4 37 15 40 13 44 49 41 31 32 23 29 11 46 4 30 7 20 38 46 18 47 50 17 14 23 12 47 15 11 32 20 48 24 0 2 28 21 41 39 6 13 12 48 1 27 27 10 37 9 22 35 18 30 36 8 14 44 2 26 49 43 9 34 45 39 21 34 36 40 45 43 5 16 16 7 35 26 19 29 25 8 10 33
1 8 40 27 1 35 26 29 36 5 24 26 19 7 44 21 2 35 17 38 11 42 49 39 33 34 25 31 13 48 6 28 9 22 40 44 20 49 48 15 12 21 10 45 13 9 30 18 46 22 2 0 30 23 43 37 4 15 14 50 3 25 29 12 39 7 20 37 16 32 34 6 16 46 4 28 47 45 11 36 47 41 19 32 38 42 43 41 3 14 18 5 33 24 17 27 23 10 8 31
31 22 30 3 29 5 4 41 34 25 6 44 11 23 14 9 32 35 13 32 41 28 21 31 3 4 5 1 17 18 24 42 21 8 10 26 10 19 22 45 42 49 40 25 43 39 40 48 24 48 28 30 0 7 13 33 34 15 16 20 27 45 1 18 9 37 50 7 46 2 36 36 14 16 26 2 23 15 19 6 17 11 49 38 8 12 27 29 33 44 12 35 37 46 47 43 47 20 38 39
24 15 37 4 22 12 3 48 41 18 1 49 4 16 21 2 25 42 6 39 34 35 28 38 10 11 2 8 10 25 17 49 14 1 17 33 3 26 29 38 35 44 33 32 36 32 47 41 31 45 21 23 7 0 20 40 27 8 9 27 20 48 6 11 16 30 43 14 39 9 43 29 7 23 19 5 30 22 12 13 24 18 42 45 15 19 34 36 26 37 5 28 44 47 40 50 46 13 31 46
44 35 17 16 42 8 17 28 21 38 19 31 24 36 1 22 45 22 26 19 46 15 8 18 10 9 18 12 30 5 37 29 34 21 3 13 23 6 9 42 45 36 47 12 44 48 27 39 11 35 41 43 13 20 0 20 47 28 29 7 40 32 14 31 4 50 37 6 41 11 23 49 27 3 39 15 10 2 32 7 4 2 38 25 5 1 14 16 46 43 25 48 24 33 40 30 34 33 49 26
36 45 3 36 38 28 37 8 1 42 39 11 44 44 19 42 35 2 46 1 26 5 12 2 30 29 38 32 50 15 43 9 46 41 23 7 43 14 11 22 25 16 27 8 24 28 7 19 9 15 39 37 33 40 20 0 33 48 49 13 40 12 34 49 24 30 17 26 21 31 3 31 47 17 41 35 10 18 48 27 16 22 18 5 25 21 6 4 34 23 45 32 4 13 20 10 14 47 29 6
3 12 36 31 5 39 30 25 32 9 28 22 23 11 48 25 2 31 21 34 7 38 45 35 37 38 29 35 17 48 10 24 13 26 44 40 24 47 44 11 8 17 6 41 9 5 26 14 42 18 6 4 34 27 47 33 0 19 18 46 7 21 33 16 43 3 16 41 12 36 30 2 20 50 8 32 43 49 15 40 49 45 15 28 42 46 39 37 1 10 22 1 29 20 13 23 19 14 4 27
16 7 45 12 14 20 11 44 49 10 9 41 4 8 29 6 17 50 2 47 26 43 36 46 18 19 10 16 2 33 9 43 6 7 25 41 5 34 37 30 27 36 25 40 28 24 45 33 39 37 13 15 15 8 28 48 19 0 1 35 12 40 14 3 24 22 35 22 31 17 49 21 1 31 11 13 38 30 4 21 32 26 34 47 23 27 42 44 18 29 3 20 48 39 32 42 38 5 23 46
15 6 46 13 13 21 12 43 50 9 10 40 5 7 30 7 16 49 3 48 25 44 37 47 19 20 11 17 1 34 8 42 5 8 26 42 6 35 38 29 26 35 24 41 27 23 44 32 40 36 12 14 16 9 29 49 18 1 0 36 11 39 15 2 25 21 34 23 30 18 48 20 2 32 10 14 39 31 3 22 33 27 33 46 24 28 43 45 17 28 4 19 47 38 31 41 37 4 22 45
49 42 10 23 49 15 24 21 14 45 26 24 31 43 6 29 48 15 33 12 39 8 1 11 17 16 25 19 37 2 44 22 41 28 10 6 30 1 2 35 38 29 40 5 37 41 20 32 4 28 48 50 20 27 7 13 46 35 36 0 47 25 21 38 11 43 30 13 34 18 16 44 34 4 46 22 3 5 39 14 3 9 31 18 12 8 7 9 47 36 32 45 17 26 33 23 27 40 42 19
4 5 43 24 2 32 23 32 39 2 21 29 16 4 41 18 5 38 14 41 14 45 48 42 30 31 22 28 10 45 3 31 6 19 37 47 17 46 49 18 15 24 13 48 16 12 33 21 49 25 1 3 27 20 40 40 7 12 11 47 0 28 26 9 36 10 23 34 19 29 37 9 13 43 1 25 50 42 8 33 44 38 22 35 35 39 46 44 6 17 15 8 36 27 20 30 26 7 11 34
24 33 15 48 26 40 49 4 11 30 49 1 44 32 31 46 23 10 42 13 14 17 24 14 42 41 50 44 38 27 31 3 34 47 35 19 45 26 23 10 13 4 15 20 12 16 5 7 21 3 27 25 45 48 32 12 21 40 39 25 28 0 46 37 36 18 5 38 9 43 9 19 41 29 29 47 22 30 36 39 28 34 6 7 37 33 18 16 22 11 43 20 8 1 8 2 2 35 17 6
30 21 31 2 28 6 3 42 35 24 5 45 10 22 15 8 31 36 12 33 40 29 22 32 4 5 4 2 16 19 23 43 20 7 11 27 9 20 23 44 41 50 39 26 42 38 41 47 25 49 27 29 1 6 14 34 33 14 15 21 26 46 0 17 10 36 49 8 45 3 37 35 13 17 25 1 24 16 18 7 18 12 48 39 9 13 28 30 32 43 11 34 38 47 46 44 48 19 37 40
13 4 48 15 11 23 14 41 48 7 12 38 7 5 32 9 14 47 5 50 23 46 39 49 21 22 13 19 1 36 6 40 3 10 28 44 8 37 40 27 24 33 22 43 25 21 42 30 42 34 10 12 18 11 31 49 16 3 2 38 9 37 17 0 27 19 32 25 28 20 46 18 4 34 8 16 41 33 1 24 35 29 31 44 26 30 45 47 15 26 6 17 45 36 29 39 35 2 20 43
40 31 21 12 38 4 13 32 25 34 15 35 20 32 5 18 41 26 22 23 50 19 12 22 6 5 14 8 26 9 33 33 30 17 1 17 19 10 13 46 49 40 49 16 48 48 31 43 15 39 37 39 9 16 4 24 43 24 25 11 36 36 10 27 0 46 41 2 45 7 27 45 23 7 35 11 14 6 28 3 8 2 42 29 1 3 18 20 42 47 21 44 28 37 44 34 38 29 47 30
6 15 33 34 8 42 33 22 29 12 31 19 26 14 49 28 5 28 24 31 4 35 42 32 40 41 32 38 20 45 13 21 16 29 47 37 27 44 41 8 5 14 3 38 6 2 23 11 39 15 9 7 37 30 50 30 3 22 21 43 10 18 36 19 46 0 13 44 9 39 27 1 23 47 11 35 40 48 18 43 46 48 12 25 45 49 36 34 4 7 25 2 26 17 10 20 16 17 1 24
19 28 20 47 21 45 46 9 16 25 44 6 39 27 36 41 18 15 37 18 9 22 29 19 47 46 45 49 33 32 26 8 29 42 40 24 40 31 28 5 8 1 10 25 7 11 10 2 26 2 22 20 50 43 37 17 16 35 34 30 23 5 49 32 41 13 0 43 4 48 14 14 36 34 24 48 27 35 31 44 33 39 1 12 42 38 23 21 17 6 38 15 13 4 3 7 3 30 12 11
38 29 23 10 36 2 11 34 27 32 13 37 18 30 7 16 39 28 20 25 48 21 14 24 4 3 12 6 24 11 31 35 28 15 3 19 17 12 15 48 49 42 47 18 50 46 33 45 17 41 35 37 7 14 6 26 41 22 23 13 34 38 8 25 2 44 43 0 47 5 29 43 21 9 33 9 16 8 26 1 10 4 44 31 1 5 20 22 40 49 19 42 30 39 46 36 40 27 45 32
15 24 24 43 17 49 42 13 20 21 40 10 35 23 40 37 14 19 33 22 5 26 33 23 49 50 41 47 29 36 22 12 25 38 44 28 36 35 32 1 4 5 6 29 3 7 14 2 30 6 18 16 46 39 41 21 12 31 30 34 19 9 45 28 45 9 4 47 0 48 18 10 32 38 20 44 31 39 27 48 37 43 3 16 46 42 27 25 13 2 34 11 17 8 1 11 7 26 8 15
33 24 28 5 31 3 6 39 32 27 8 42 13 25 12 11 34 33 15 30 43 26 19 29 1 2 7 1 19 16 26 40 23 10 8 24 12 17 20 47 44 47 42 23 45 41 38 50 22 46 30 32 2 9 11 31 36 17 18 18 29 43 3 20 7 39 48 5 48 0 34 38 16 14 28 4 21 13 21 4 15 9 49 36 6 10 25 27 35 46 14 37 35 44 49 41 45 22 40 37
33 42 6 39 35 31 40 5 2 39 42 8 47 41 22 45 32 1 49 4 23 8 15 5 33 32 41 35 47 18 40 6 43 44 26 10 46 17 14 19 22 13 24 11 21 25 4 16 12 12 36 34 36 43 23 3 30 49 48 16 37 9 37 46 27 27 14 29 18 34 0 28 50 20 38 38 13 21 45 30 19 25 15 2 28 24 9 7 31 20 48 29 1 10 17 7 11 44 26 3
5 14 34 33 7 41 32 23 30 11 30 20 25 13 50 27 4 29 23 32 5 36 43 33 39 40 31 37 19 46 12 22 15 28 46 38 26 45 42 9 6 15 4 39 7 3 24 12 40 16 8 6 36 29 49 31 2 21 20 44 9 19 35 18 45 1 14 43 10 38 28 0 22 48 10 34 41 49 17 42 47 47 13 26 44 48 37 35 3 8 24 1 27 18 11 21 17 16 2 25
17 8 44 11 15 19 10 45 48 11 8 42 3 9 28 5 18 49 1 46 27 42 35 45 17 18 9 15 3 32 10 44 7 6 24 40 4 33 36 31 28 37 26 39 29 25 46 34 38 38 14 16 14 7 27 47 20 1 2 34 13 41 13 4 23 23 36 21 32 16 50 22 0 30 12 12 37 29 5 20 31 25 35 48 22 26 41 43 19 30 2 21 49 40 33 43 39 6 24 47
47 38 14 19 45 11 20 25 18 41 22 28 27 39 2 25 48 19 29 16 43 12 5 15 13 12 21 15 33 2 40 26 37 24 6 10 26 3 6 39 42 33 44 9 41 45 24 36 8 32 44 46 16 23 3 17 50 31 32 4 43 29 17 34 7 47 34 9 38 14 20 48 30 0 42 18 7 1 35 10 1 5 35 22 8 4 11 13 49 40 28 49 21 30 37 27 31 36 46 23
5 4 44 23 3 31 22 33 40 1 20 30 15 3 40 17 6 39 13 42 15 46 47 43 29 30 21 27 9 44 2 32 5 18 36 48 16 45 48 19 16 25 14 49 17 13 34 22 50 26 2 4 26 19 39 41 8 11 10 46 1 29 25 8 35 11 24 33 20 28 38 10 12 42 0 24 49 41 7 32 43 37 23 36 34 38 47 45 7 18 14 9 37 28 21 31 27 6 12 35
29 20 32 1 27 7 2 43 36 23 4 46 9 21 16 7 30 37 11 34 39 30 23 33 5 6 3 3 15 20 22 44 19 6 12 28 8 21 24 43 40 49 38 27 41 37 42 46 26 50 26 28 2 5 15 35 32 13 14 22 25 47 1 16 11 35 48 9 44 4 38 34 12 18 24 0 25 17 17 8 19 13 47 40 10 14 29 31 31 42 10 33 39 48 45 45 49 18 36 41
46 45 7 26 48 18 27 18 11 48 29 21 34 46 9 32 45 12 36 9 36 5 2 8 20 19 28 22 40 5 47 19 44 31 13 3 33 4 1 32 35 26 37 2 34 38 17 29 1 25 49 47 23 30 10 10 43 38 39 3 50 22 24 41 14 40 27 16 31 21 13 41 37 7 49 25 0 8 42 17 6 12 28 15 15 11 4 6 44 33 35 42 14 23 30 20 24 43 39 16
46 37 15 18 44 10 19 26 19 40 21 29 26 38 1 24 47 20 28 17 44 13 6 16 12 11 20 14 32 3 39 27 36 23 5 11 25 4 7 40 43 34 45 10 42 46 25 37 9 33 43 45 15 22 2 18 49 30 31 5 42 30 16 33 6 48 35 8 39 13 21 49 29 1 41 17 8 0 34 9 2 4 36 23 7 3 12 14 48 41 27 50 22 31 38 28 32 35 47 24
12 3 49 16 10 24 15 40 47 6 13 37 8 4 33 10 13 46 6 49 22 47 40 50 22 23 14 20 2 37 5 39 2 11 29 45 9 38 41 26 23 32 21 44 24 20 41 29 43 33 9 11 19 12 32 48 15 4 3 39 8 36 18 1 28 18 31 26 27 21 45 17 5 35 7 17 42 34 0 25 36 30 30 43 27 31 46 48 14 25 7 16 44 35 28 38 34 1 19 42
37 28 24 9 35 1 10 35 28 31 12 38 17 29 8 15 38 29 19 26 47 22 15 25 3 2 11 5 23 12 30 36 27 14 4 20 16 13 16 49 48 43 46 19 49 45 34 46 18 42 34 36 6 13 7 27 40 21 22 14 33 39 7 24 3 43 44 1 48 4 30 42 20 10 32 8 17 9 25 0 11 5 45 32 2 6 21 23 39 50 18 41 31 40 47 37 41 26 44 33
48 39 13 20 46 12 21 24 17 42 23 27 28 40 3 26 49 18 30 15 42 11 4 14 14 13 22 16 34 1 41 25 38 25 7 9 27 2 5 38 41 32 43 8 40 44 23 35 7 31 45 47 17 24 4 16 49 32 33 3 44 28 18 35 8 46 33 10 37 15 19 47 31 1 43 19 6 2 36 11 0 6 34 21 9 5 10 12 50 39 29 48 20 29 36 26 30 37 45 22
42 33 19 14 40 6 15 30 23 36 17 33 22 34 3 20 43 24 24 21 48 17 10 20 8 7 16 10 28 7 35 31 32 19 1 15 21 8 11 44 47 38 49 14 46 50 29 41 13 37 39 41 11 18 2 22 45 26 27 9 38 34 12 29 2 48 39 4 43 9 25 47 25 5 37 13 12 4 30 5 6 0 40 27 3 1 16 18 44 45 23 46 26 35 42 32 36 31 49 28
18 27 21 46 20 46 45 10 17 24 43 7 38 26 37 40 17 16 36 19 8 23 30 20 48 47 44 50 32 33 25 9 28 41 41 25 39 32 29 4 7 2 9 26 6 10 11 1 27 3 21 19 49 42 38 18 15 34 33 31 22 6 48 31 42 12 1 44 3 49 15 13 35 35 23 47 28 36 30 45 34 40 0 13 43 39 24 22 16 5 37 14 14 5 2 8 4 29 11 12
31 40 8 41 33 33 42 3 4 37 44 6 49 39 24 47 30 3 49 6 21 10 17 7 35 34 43 37 45 20 38 4 41 46 28 12 48 19 16 17 20 11 22 13 19 23 2 14 14 10 34 32 38 45 25 5 28 47 46 18 35 7 39 44 29 25 12 31 16 36 2 26 48 22 36 40 15 23 43 32 21 27 13 0 30 26 11 9 29 18 50 27 1 8 15 5 9 42 24 1
39 30 22 11 37 3 12 33 26 33 14 36 19 31 6 17 40 27 21 24 49 20 13 23 5 4 13 7 25 10 32 34 29 16 2 18 18 11 14 47 50 41 48 17 49 47 32 44 16 40 36 38 8 15 5 25 42 23 24 12 35 37 9 26 1 45 42 1 46 6 28 44 22 8 34 10 15 7 27 2 9 3 43 30 0 4 19 21 41 48 20 43 29 38 45 35 39 28 46 31
43 34 18 15 41 7 16 29 22 37 18 32 23 35 2 21 44 23 25 20 47 16 9 19 9 8 17 11 29 6 36 30 33 20 2 14 22 7 10 43 46 37 48 13 45 49 28 40 12 36 40 42 12 19 1 21 46 27 28 8 39 33 13 30 3 49 38 5 42 10 24 48 26 4 38 14 11 3 31 6 5 1 39 26 4 0 15 17 45 44 24 47 25 34 41 31 35 32 50 27
42 49 3 30 44 22 31 14 7 48 33 17 38 50 13 36 41 8 40 5 32 1 6 4 24 23 32 26 44 9 49 15 48 35 17 1 37 8 5 28 31 22 33 2 30 34 13 25 3 21 45 43 27 34 14 6 39 42 43 7 46 18 28 45 18 36 23 20 27 25 9 37 41 11 47 29 4 12 46 21 10 16 24 11 19 15 0 2 40 29 39 38 10 19 26 16 20 47 35 12
40 49 1 32 42 24 33 12 5 46 35 15 40 48 15 38 39 6 42 3 30 1 8 2 26 25 34 28 46 11 47 13 50 37 19 3 39 10 7 26 29 20 31 4 28 32 11 23 5 19 43 41 29 36 16 4 37 44 45 9 44 16 30 47 20 34 21 22 25 27 7 35 43 13 45 31 6 14 48 23 12 18 22 9 21 17 2 0 38 27 41 36 8 17 24 14 18 49 33 10
2 11 37 30 4 38 29 26 33 8 27 23 22 10 47 24 1 32 20 35 8 39 46 36 36 37 28 34 16 49 9 25 12 25 43 41 23 48 45 12 9 18 7 42 10 6 27 15 43 19 5 3 33 26 46 34 1 18 17 47 6 22 32 15 42 4 17 40 13 35 31 3 19 49 7 31 44 48 14 39 50 44 16 29 41 45 40 38 0 11 21 2 30 21 14 24 20 13 5 28
13 22 26 41 15 49 40 15 22 19 38 12 33 21 42 35 12 21 31 24 3 28 35 25 47 48 39 45 27 38 20 14 23 36 46 30 34 37 34 1 2 7 4 31 1 5 16 4 32 8 16 14 44 37 43 23 10 29 28 36 17 11 43 26 47 7 6 49 2 46 20 8 30 40 18 42 33 41 25 50 39 45 5 18 48 44 29 27 11 0 32 9 19 10 3 13 9 24 6 17
19 10 42 9 17 17 8 47 46 13 6 44 1 11 26 3 20 47 1 44 29 40 33 43 15 16 7 13 5 30 12 46 9 4 22 38 2 31 34 33 30 39 28 37 31 27 48 36 36 40 16 18 12 5 25 45 22 3 4 32 15 43 11 6 21 25 38 19 34 14 48 24 2 28 14 10 35 27 7 18 29 23 37 50 20 24 39 41 21 32 0 23 49 42 35 45 41 8 26 49
4 13 35 32 6 40 31 24 31 10 29 21 24 12 49 26 3 30 22 33 6 37 44 34 38 39 30 36 18 47 11 23 14 27 45 39 25 46 43 10 7 16 5 40 8 4 25 13 41 17 7 5 35 28 48 32 1 20 19 45 8 20 34 17 44 2 15 42 11 37 29 1 21 49 9 33 42 50 16 41 48 46 14 27 43 47 38 36 2 9 23 0 28 19 12 22 18 15 3 26
32 41 7 40 34 32 41 4 3 38 43 7 48 40 23 46 31 2 50 5 22 9 16 6 34 33 42 36 46 19 39 5 42 45 27 11 47 18 15 18 21 12 23 12 20 24 3 15 13 11 35 33 37 44 24 4 29 48 47 17 36 8 38 45 28 26 13 30 17 35 1 27 49 21 37 39 14 22 44 31 20 26 14 1 29 25 10 8 30 19 49 28 0 9 16 6 10 43 25 2
23 32 16 49 25 41 50 5 12 29 48 2 43 31 32 45 22 11 41 14 13 18 25 15 43 42 49 45 37 28 30 4 33 46 36 20 44 27 24 9 12 3 14 21 11 15 6 6 22 2 26 24 46 47 33 13 20 39 38 26 27 1 47 36 37 17 4 39 8 44 10 18 40 30 28 48 23 31 35 40 29 35 5 8 38 34 19 17 21 10 42 19 9 0 7 3 1 34 16 7
16 25 23 44 18 48 43 12 19 22 41 9 36 24 39 38 15 18 34 21 6 25 32 22 50 49 42 48 30 35 23 11 26 39 43 27 37 34 31 2 5 4 7 28 4 8 13 1 29 5 19 17 47 40 40 20 13 32 31 33 20 8 46 29 44 10 3 46 1 49 17 11 33 37 21 45 30 38 28 47 36 42 2 15 45 41 26 24 14 3 35 12 16 7 0 10 6 27 9 14
26 35 13 46 28 38 47 2 9 32 49 1 46 34 29 48 25 8 44 11 16 15 22 12 40 39 48 42 40 25 33 1 36 49 33 17 47 24 21 12 15 6 17 18 14 18 3 9 19 5 29 27 43 50 30 10 23 42 41 23 30 2 44 39 34 20 7 36 11 41 7 21 43 27 31 45 20 28 38 37 26 32 8 5 35 31 16 14 24 13 45 22 6 3 10 0 4 37 19 4
22 31 17 50 24 42 49 6 13 28 47 3 42 30 33 44 21 12 40 15 12 19 26 16 44 43 48 46 36 29 29 5 32 45 37 21 43 28 25 8 11 2 13 22 10 14 7 5 23 1 25 23 47 46 34 14 19 38 37 27 26 2 48 35 38 16 3 40 7 45 11 17 39 31 27 49 24 32 34 41 30 36 4 9 39 35 20 18 20 9 41 18 10 1 6 4 0 33 15 8
11 2 50 17 9 25 16 39 46 5 14 36 9 3 34 11 12 45 7 48 21 48 41 49 23 24 15 21 3 38 4 38 1 12 30 46 10 39 42 25 22 31 20 45 23 19 40 28 44 32 8 10 20 13 33 47 14 5 4 40 7 35 19 2 29 17 30 27 26 22 44 16 6 36 6 18 43 35 1 26 37 31 29 42 28 32 47 49 13 24 8 15 43 34 27 37 33 0 18 41
7 16 32 35 9 43 34 21 28 13 32 18 27 15 48 29 6 27 25 30 3 34 41 31 41 42 33 39 21 44 14 20 17 30 48 36 28 43 40 7 4 13 2 37 5 1 22 10 38 14 10 8 38 31 49 29 4 23 22 42 11 17 37 20 47 1 12 45 8 40 26 2 24 46 12 36 39 47 19 44 45 49 11 24 46 50 35 33 5 6 26 3 25 16 9 19 15 18 0 23
30 39 9 42 32 34 43 2 5 36 45 5 50 38 25 48 29 4 48 7 20 11 18 8 36 35 44 38 44 21 37 3 40 47 29 13 49 20 17 16 19 10 21 14 18 22 1 13 15 9 33 31 39 46 26 6 27 46 45 19 34 6 40 43 30 24 11 32 15 37 3 25 47 23 35 41 16 24 42 33 22 28 12 1 31 27 12 10 28 17 49 26 2 7 14 4 8 41 23 0
