6 3 1
13 1 1
16 0 1
17 8 1
23 2 1
23 19 1
25 5 1
25 24 1
26 6 1
26 10 1
30 9 1
30 13 1
31 7 1
32 1 1
33 15 1
36 12 1
36 15 1
37 29 1
38 22 1
40 20 1
42 20 1
43 35 1
44 40 1
45 42 1
46 7 1
48 43 1
49 41 1
50 4 1
51 0 1
51 4 1
52 27 1
53 10 1
53 33 1
54 14 1
55 8 1
55 19 1
58 28 1
58 57 1
59 22 1
59 37 1
60 50 1
61 11 1
62 52 1
63 28 1
64 34 1
66 41 1
68 39 1
69 24 1
69 27 1
70 17 1
71 65 1
72 18 1
72 57 1
74 9 1
74 60 1
75 3 1
75 62 1
76 38 1
76 48 1
77 14 1
77 73 1
78 63 1
79 5 1
79 67 1
80 29 1
80 73 1
81 34 1
82 47 1
82 66 1
84 64 1
84 67 1
85 54 1
85 81 1
86 21 1
86 35 1
87 2 1
87 21 1
88 16 1
88 56 1
89 39 1
89 44 1
90 12 1
90 18 1
91 56 1
91 71 1
92 70 1
92 83 1
93 61 1
94 47 1
94 68 1
95 11 1
95 31 1
96 49 1
96 93 1
97 32 1
97 78 1
98 45 1
98 65 1
99 46 1
99 83 1
