11 1 50
13 7 35
25 23 45
26 2 50
27 5 45
32 27 35
34 20 45
37 9 30
38 7 50
38 11 50
39 30 40
40 9 50
41 10 40
41 28 50
42 37 50
43 18 40
44 18 50
45 21 50
46 15 35
46 39 50
47 0 40
48 12 50
48 44 40
49 29 50
49 40 20
50 19 15
51 3 35
53 42 25
54 13 45
54 14 50
55 1 50
55 24 40
56 33 50
57 17 50
57 33 35
58 19 45
58 22 45
61 26 45
62 21 50
62 52 50
63 3 50
63 34 50
64 22 50
66 5 40
67 23 45
68 53 50
70 29 50
70 61 35
71 65 50
71 69 50
72 32 40
72 60 45
73 6 50
73 47 35
74 0 30
74 66 40
75 17 50
75 59 50
76 36 40
76 67 25
77 14 50
77 30 45
78 31 45
79 2 50
79 15 50
80 56 50
80 78 30
81 52 45
82 16 10
83 68 40
83 81 50
84 8 35
84 69 40
85 12 50
86 8 50
86 31 40
87 4 25
87 45 45
88 20 50
88 36 50
89 28 50
90 6 50
90 89 40
91 35 50
92 4 10
92 51 20
93 25 30
93 64 50
94 43 45
94 91 50
95 50 30
95 65 30
96 16 45
96 24 50
97 35 50
97 82 50
98 10 45
98 85 45
99 59 45
99 60 40
