100
0 1115 1715 1680 1745 110 125 1265 810 2015 355 1165 495 1300 1395 1615 930 460 635 1060 1535 1865 1150 1325 1025 1280 1765 155 265 1895 1490 720 190 545 1580 820 1435 2045 1215 1530 1965 315 2095 675 585 1815 1580 40 545 1945 1045 1715 1965 2120 1345 1065 595 510 1105 360 275 1810 1915 1630 1200 985 70 1370 2100 885 1845 935 230 75 30 410 1395 1445 675 1665 645 2010 920 2060 845 445 760 1770 1485 215 175 770 1735 1250 720 1015 975 870 400 315
1115 0 600 1475 1410 1225 990 150 1925 900 760 50 620 185 280 500 185 1575 480 2095 1620 1290 2005 1830 90 1875 650 1270 850 780 375 1835 1305 1660 1575 295 1720 930 100 415 850 800 980 440 530 1340 465 1075 570 830 2110 1440 1190 1005 230 50 1710 1625 2050 1475 1390 695 1240 1525 1955 2100 1185 1785 1055 2000 730 2050 1345 1040 1145 1525 1760 330 1790 550 1760 1145 195 1095 1960 670 1875 1385 1670 900 940 345 1420 1905 395 2130 140 245 715 1430
1715 600 0 875 810 1825 1590 450 1745 300 1360 550 1220 415 320 100 785 2095 1080 1495 1020 690 1405 1230 690 1275 50 1870 1450 180 225 1835 1905 2010 975 895 1120 330 500 185 250 1400 380 1040 1130 740 135 1675 1170 230 1510 840 590 405 370 650 1960 2045 1450 2075 1990 95 640 925 1355 1570 1785 1185 455 1670 130 1620 1945 1640 1745 2125 1160 270 1880 50 1910 545 795 495 1710 1270 1795 785 1070 1500 1540 945 820 1305 995 1540 740 845 1315 2030
1680 1475 875 0 65 1570 1805 1325 870 575 2035 1425 2095 1290 1195 975 1660 1220 1955 620 145 185 530 355 1565 400 825 1525 1945 695 1100 960 1490 1135 100 1770 245 545 1375 1060 625 1995 495 1915 2005 135 1010 1720 2045 645 635 35 285 470 1245 1525 1085 1170 575 1320 1405 780 235 50 480 695 1610 310 420 795 745 745 1450 1755 1650 1270 285 1145 1005 925 1035 330 1670 380 835 2125 920 90 195 1895 1855 1820 55 430 1870 665 1615 1720 2080 1365
1745 1410 810 65 0 1635 1870 1260 935 510 2100 1360 2030 1225 1130 910 1595 1285 1890 685 210 120 595 420 1500 465 760 1590 2010 630 1035 1025 1555 1200 165 1705 310 480 1310 995 560 2060 430 1850 1940 70 945 1785 1980 580 700 30 220 405 1180 1460 1150 1235 640 1385 1470 715 170 115 545 760 1675 375 355 860 680 810 1515 1820 1715 1335 350 1080 1070 860 1100 265 1605 315 900 2080 985 25 260 1960 1920 1755 10 495 1805 730 1550 1655 2125 1430
110 1225 1825 1570 1635 0 235 1375 700 2125 465 1275 605 1410 1505 1725 1040 350 745 950 1425 1755 1040 1215 1135 1170 1875 45 375 2005 1600 610 80 435 1470 930 1325 2115 1325 1640 2075 425 2065 785 695 1705 1690 150 655 2055 935 1605 1855 2040 1455 1175 485 400 995 250 165 1920 1805 1520 1090 875 40 1260 1990 775 1955 825 120 185 80 300 1285 1555 565 1775 535 1900 1030 1950 735 555 650 1660 1375 325 285 880 1625 1140 830 905 1085 980 510 205
125 990 1590 1805 1870 235 0 1140 935 1890 230 1040 370 1175 1270 1490 805 585 510 1185 1660 1990 1275 1450 900 1405 1640 280 140 1770 1365 845 315 670 1705 695 1560 1920 1090 1405 1840 190 1970 550 460 1940 1455 85 420 1820 1170 1840 2090 1995 1220 940 720 635 1230 485 400 1685 2040 1755 1325 1110 195 1495 2045 1010 1720 1060 355 50 155 535 1520 1320 800 1540 770 2135 795 2085 970 320 885 1895 1610 90 50 645 1860 1375 595 1140 850 745 275 440
1265 150 450 1325 1260 1375 1140 0 2075 750 910 100 770 35 130 350 335 1725 630 1945 1470 1140 1855 1680 240 1725 500 1420 1000 630 225 1985 1455 1810 1425 445 1570 780 50 265 700 950 830 590 680 1190 315 1225 720 680 1960 1290 1040 855 80 200 1860 1775 1900 1625 1540 545 1090 1375 1805 2020 1335 1635 905 2120 580 2070 1495 1190 1295 1675 1610 180 1940 400 1910 995 345 945 2110 820 2025 1235 1520 1050 1090 495 1270 1755 545 1990 290 395 865 1580
810 1925 1745 870 935 700 935 2075 0 1445 1165 1975 1305 2110 2065 1845 1740 350 1445 250 725 1055 340 515 1835 470 1695 655 1075 1565 1970 90 620 265 770 1630 625 1415 2025 1930 1495 1125 1365 1485 1395 1005 1880 850 1355 1515 235 905 1155 1340 2115 1875 215 300 295 450 535 1650 1105 820 390 175 740 560 1290 75 1615 125 580 885 780 400 585 2015 135 1795 165 1200 1730 1250 35 1255 50 960 675 1025 985 1580 925 440 1530 205 1785 1680 1210 495
2015 900 300 575 510 2125 1890 750 1445 0 1660 850 1520 715 620 400 1085 1795 1380 1195 720 390 1105 930 990 975 250 2100 1750 120 525 1535 2065 1710 675 1195 820 30 800 485 50 1700 80 1340 1430 440 435 1975 1470 70 1210 540 290 105 670 950 1660 1745 1150 1895 1980 205 340 625 1055 1270 2085 885 155 1370 170 1320 2025 1940 2045 1845 860 570 1580 350 1610 245 1095 195 1410 1570 1495 485 770 1800 1840 1245 520 1005 1295 1240 1040 1145 1615 1940
355 760 1360 2035 2100 465 230 910 1165 1660 0 810 140 945 1040 1260 575 815 280 1415 1890 2050 1505 1680 670 1635 1410 510 90 1540 1135 1075 545 900 1935 465 1790 1690 860 1175 1610 40 1740 320 230 2100 1225 315 190 1590 1400 2070 1950 1765 990 710 950 865 1460 715 630 1455 2000 1985 1555 1340 425 1725 1815 1240 1490 1290 585 280 385 765 1750 1090 1030 1310 1000 1905 565 1855 1200 90 1115 2125 1840 140 180 415 2090 1605 365 1370 620 515 45 670
1165 50 550 1425 1360 1275 1040 100 1975 850 810 0 670 135 230 450 235 1625 530 2045 1570 1240 1955 1780 140 1825 600 1320 900 730 325 1885 1355 1710 1525 345 1670 880 50 365 800 850 930 490 580 1290 415 1125 620 780 2060 1390 1140 955 180 100 1760 1675 2000 1525 1440 645 1190 1475 1905 2120 1235 1735 1005 2050 680 2100 1395 1090 1195 1575 1710 280 1840 500 1810 1095 245 1045 2010 720 1925 1335 1620 950 990 395 1370 1855 445 2090 190 295 765 1480
495 620 1220 2095 2030 605 370 770 1305 1520 140 670 0 805 900 1120 435 955 140 1555 2030 1910 1645 1820 530 1775 1270 650 230 1400 995 1215 685 1040 2075 325 1930 1550 720 1035 1470 180 1600 180 90 1960 1085 455 50 1450 1540 2060 1810 1625 850 570 1090 1005 1600 855 770 1315 1860 2125 1695 1480 565 1865 1675 1380 1350 1430 725 420 525 905 1890 950 1170 1170 1140 1765 425 1715 1340 50 1255 2005 1980 280 320 275 2040 1745 225 1510 480 375 95 810
1300 185 415 1290 1225 1410 1175 35 2110 715 945 135 805 0 95 315 370 1760 665 1910 1435 1105 1820 1645 275 1690 465 1455 1035 595 190 2020 1490 1845 1390 480 1535 745 85 230 665 985 795 625 715 1155 280 1260 755 645 1925 1255 1005 820 45 235 1895 1810 1865 1660 1575 510 1055 1340 1770 1985 1370 1600 870 2085 545 2035 1530 1225 1330 1710 1575 145 1975 365 1945 960 380 910 2125 855 2060 1200 1485 1085 1125 530 1235 1720 580 1955 325 430 900 1615
1395 280 320 1195 1130 1505 1270 130 2065 620 1040 230 900 95 0 220 465 1855 760 1815 1340 1010 1725 1550 370 1595 370 1550 1130 500 95 2115 1585 1940 1295 575 1440 650 180 135 570 1080 700 720 810 1060 185 1355 850 550 1830 1160 910 725 50 330 1990 1905 1770 1755 1670 415 960 1245 1675 1890 1465 1505 775 1990 450 1940 1625 1320 1425 1805 1480 50 2070 270 2040 865 475 815 2030 950 2115 1105 1390 1180 1220 625 1140 1625 675 1860 420 525 995 1710
1615 500 100 975 910 1725 1490 350 1845 400 1260 450 1120 315 220 0 685 2075 980 1595 1120 790 1505 1330 590 1375 150 1770 1350 280 125 1935 1805 2110 1075 795 1220 430 400 85 350 1300 480 940 1030 840 35 1575 1070 330 1610 940 690 505 270 550 2060 2125 1550 1975 1890 195 740 1025 1455 1670 1685 1285 555 1770 230 1720 1845 1540 1645 2025 1260 170 1980 50 2010 645 695 595 1810 1170 1895 885 1170 1400 1440 845 920 1405 895 1640 640 745 1215 1930
930 185 785 1660 1595 1040 805 335 1740 1085 575 235 435 370 465 685 0 1390 295 1990 1805 1475 2080 2015 95 2060 835 1085 665 965 560 1650 1120 1475 1760 110 1905 1115 285 600 1035 615 1165 255 345 1525 650 890 385 1015 1975 1625 1375 1190 415 135 1525 1440 2035 1290 1205 880 1425 1710 2130 1915 1000 1970 1240 1815 915 1865 1160 855 960 1340 1945 515 1605 735 1575 1330 10 1280 1775 485 1690 1570 1855 715 755 160 1605 2090 210 1945 45 60 530 1245
460 1575 2095 1220 1285 350 585 1725 350 1795 815 1625 955 1760 1855 2075 1390 0 1095 600 1075 1405 690 865 1485 820 2045 305 725 1915 1950 260 270 85 1120 1280 975 1765 1675 1990 1845 775 1715 1135 1045 1355 2040 500 1005 1865 585 1255 1505 1690 1805 1525 135 50 645 100 185 2000 1455 1170 740 525 390 910 1640 425 1965 475 230 535 430 50 935 1905 215 2125 185 1550 1380 1600 385 905 300 1310 1025 675 635 1230 1275 790 1180 555 1435 1330 860 145
635 480 1080 1955 1890 745 510 630 1445 1380 280 530 140 665 760 980 295 1095 0 1695 2100 1770 1785 1960 390 1915 1130 790 370 1260 855 1355 825 1180 2055 185 2070 1410 580 895 1330 320 1460 40 50 1820 945 595 90 1310 1680 1920 1670 1485 710 430 1230 1145 1740 995 910 1175 1720 2005 1835 1620 705 2005 1535 1520 1210 1570 865 560 665 1045 2030 810 1310 1030 1280 1625 285 1575 1480 190 1395 1865 2120 420 460 135 1900 1885 85 1650 340 235 235 950
1060 2095 1495 620 685 950 1185 1945 250 1195 1415 2045 1555 1910 1815 1595 1990 600 1695 0 475 805 90 265 2085 220 1445 905 1325 1315 1720 340 870 515 520 1880 375 1165 1995 1680 1245 1375 1115 1735 1645 755 1630 1100 1605 1265 15 655 905 1090 1865 2125 465 550 45 700 785 1400 855 570 140 75 990 310 1040 175 1365 125 830 1135 1030 650 335 1765 385 1545 415 950 1980 1000 215 1505 300 710 425 1275 1235 1830 675 190 1780 45 2035 1930 1460 745
1535 1620 1020 145 210 1425 1660 1470 725 720 1890 1570 2030 1435 1340 1120 1805 1075 2100 475 0 330 385 210 1710 255 970 1380 1800 840 1245 815 1345 990 45 1915 100 690 1520 1205 770 1850 640 2060 2120 280 1155 1575 2080 790 490 180 430 615 1390 1670 940 1025 430 1175 1260 925 380 95 335 550 1465 165 565 650 890 600 1305 1610 1505 1125 140 1290 860 1070 890 475 1815 525 690 1980 775 235 50 1750 1710 1965 200 285 2015 520 1760 1865 1935 1220
1865 1290 690 185 120 1755 1990 1140 1055 390 2050 1240 1910 1105 1010 790 1475 1405 1770 805 330 0 715 540 1380 585 640 1710 2130 510 915 1145 1675 1320 285 1585 430 360 1190 875 440 2090 310 1730 1820 50 825 1905 1860 460 820 150 100 285 1060 1340 1270 1355 760 1505 1590 595 50 235 665 880 1795 495 235 980 560 930 1635 1940 1835 1455 470 960 1190 740 1220 145 1485 195 1020 1960 1105 95 380 2080 2040 1635 130 615 1685 850 1430 1535 2005 1550
1150 2005 1405 530 595 1040 1275 1855 340 1105 1505 1955 1645 1820 1725 1505 2080 690 1785 90 385 715 0 175 2095 130 1355 995 1415 1225 1630 430 960 605 430 1970 285 1075 1905 1590 1155 1465 1025 1825 1735 665 1540 1190 1695 1175 105 565 815 1000 1775 2055 555 640 45 790 875 1310 765 480 50 165 1080 220 950 265 1275 215 920 1225 1120 740 245 1675 475 1455 505 860 2070 910 305 1595 390 620 335 1365 1325 1920 585 100 1870 135 2125 2020 1550 835
1325 1830 1230 355 420 1215 1450 1680 515 930 1680 1780 1820 1645 1550 1330 2015 865 1960 265 210 540 175 0 1920 45 1180 1170 1590 1050 1455 605 1135 780 255 2125 110 900 1730 1415 980 1640 850 2000 1910 490 1365 1365 1870 1000 280 390 640 825 1600 1880 730 815 220 965 1050 1135 590 305 125 340 1255 45 775 440 1100 390 1095 1400 1295 915 70 1500 650 1280 680 685 2025 735 480 1770 565 445 160 1540 1500 2095 410 75 2045 310 1970 2075 1725 1010
1025 90 690 1565 1500 1135 900 240 1835 990 670 140 530 275 370 590 95 1485 390 2085 1710 1380 2095 1920 0 1965 740 1180 760 870 465 1745 1215 1570 1665 205 1810 1020 190 505 940 710 1070 350 440 1430 555 985 480 920 2070 1530 1280 1095 320 40 1620 1535 2130 1385 1300 785 1330 1615 2045 2010 1095 1875 1145 1910 820 1960 1255 950 1055 1435 1850 420 1700 640 1670 1235 105 1185 1870 580 1785 1475 1760 810 850 255 1510 1995 305 2040 50 155 625 1340
1280 1875 1275 400 465 1170 1405 1725 470 975 1635 1825 1775 1690 1595 1375 2060 820 1915 220 255 585 130 45 1965 0 1225 1125 1545 1095 1500 560 1090 735 300 2100 155 945 1775 1460 1025 1595 895 1955 1865 535 1410 1320 1825 1045 235 435 685 870 1645 1925 685 770 175 920 1005 1180 635 350 80 295 1210 90 820 395 1145 345 1050 1355 1250 870 115 1545 605 1325 635 730 2070 780 435 1725 520 490 205 1495 1455 2050 455 30 2000 265 2015 2120 1680 965
1765 650 50 825 760 1875 1640 500 1695 250 1410 600 1270 465 370 150 835 2045 1130 1445 970 640 1355 1180 740 1225 0 1920 1500 130 275 1785 1955 1960 925 945 1070 280 550 235 200 1450 330 1090 1180 690 185 1725 1220 180 1460 790 540 355 420 700 1910 1995 1400 2125 2040 45 590 875 1305 1520 1835 1135 405 1620 80 1570 1995 1690 1795 2095 1110 320 1830 100 1860 495 845 445 1660 1320 1745 735 1020 1550 1590 995 770 1255 1045 1490 790 895 1365 2080
155 1270 1870 1525 1590 45 280 1420 655 2100 510 1320 650 1455 1550 1770 1085 305 790 905 1380 1710 995 1170 1180 1125 1920 0 420 2050 1645 565 35 390 1425 975 1280 2070 1370 1685 2120 470 2020 830 740 1660 1735 195 700 2100 890 1560 1810 1995 1500 1220 440 355 950 205 120 1965 1760 1475 1045 830 85 1215 1945 730 2000 780 75 230 125 255 1240 1600 520 1820 490 1855 1075 1905 690 600 605 1615 1330 370 330 925 1580 1095 875 860 1130 1025 555 160
265 850 1450 1945 2010 375 140 1000 1075 1750 90 900 230 1035 1130 1350 665 725 370 1325 1800 2130 1415 1590 760 1545 1500 420 0 1630 1225 985 455 810 1845 555 1700 1780 950 1265 1700 50 1830 410 320 2080 1315 225 280 1680 1310 1980 2040 1855 1080 800 860 775 1370 625 540 1545 2090 1895 1465 1250 335 1635 1905 1150 1580 1200 495 190 295 675 1660 1180 940 1400 910 1995 655 1945 1110 180 1025 2035 1750 50 90 505 2000 1515 455 1280 710 605 135 580
1895 780 180 695 630 2005 1770 630 1565 120 1540 730 1400 595 500 280 965 1915 1260 1315 840 510 1225 1050 870 1095 130 2050 1630 0 405 1655 2085 1830 795 1075 940 150 680 365 70 1580 200 1220 1310 560 315 1855 1350 50 1330 660 410 225 550 830 1780 1865 1270 2015 2100 85 460 745 1175 1390 1965 1005 275 1490 50 1440 2125 1820 1925 1965 980 450 1700 230 1730 365 975 315 1530 1450 1615 605 890 1680 1720 1125 640 1125 1175 1360 920 1025 1495 2060
1490 375 225 1100 1035 1600 1365 225 1970 525 1135 325 995 190 95 125 560 1950 855 1720 1245 915 1630 1455 465 1500 275 1645 1225 405 0 2060 1680 2035 1200 670 1345 555 275 40 475 1175 605 815 905 965 90 1450 945 455 1735 1065 815 630 145 425 2085 2000 1675 1850 1765 320 865 1150 1580 1795 1560 1410 680 1895 355 1845 1720 1415 1520 1900 1385 45 2105 175 2135 770 570 720 1935 1045 2020 1010 1295 1275 1315 720 1045 1530 770 1765 515 620 1090 1805
720 1835 1835 960 1025 610 845 1985 90 1535 1075 1885 1215 2020 2115 1935 1650 260 1355 340 815 1145 430 605 1745 560 1785 565 985 1655 2060 0 530 175 860 1540 715 1505 1935 2020 1585 1035 1455 1395 1305 1095 1970 760 1265 1605 325 995 1245 1430 2065 1785 125 210 385 360 445 1740 1195 910 480 265 650 650 1380 165 1705 215 490 795 690 310 675 2105 45 1885 75 1290 1640 1340 125 1165 40 1050 765 935 895 1490 1015 530 1440 295 1695 1590 1120 405
190 1305 1905 1490 1555 80 315 1455 620 2065 545 1355 685 1490 1585 1805 1120 270 825 870 1345 1675 960 1135 1215 1090 1955 35 455 2085 1680 530 0 355 1390 1010 1245 2035 1405 1720 2115 505 1985 865 775 1625 1770 230 735 2135 855 1525 1775 1960 1535 1255 405 320 915 170 85 2000 1725 1440 1010 795 120 1180 1910 695 2035 745 40 265 160 220 1205 1635 485 1855 455 1820 1110 1870 655 635 570 1580 1295 405 365 960 1545 1060 910 825 1165 1060 590 125
545 1660 2010 1135 1200 435 670 1810 265 1710 900 1710 1040 1845 1940 2110 1475 85 1180 515 990 1320 605 780 1570 735 1960 390 810 1830 2035 175 355 0 1035 1365 890 1680 1760 2075 1760 860 1630 1220 1130 1270 2125 585 1090 1780 500 1170 1420 1605 1890 1610 50 35 560 185 270 1915 1370 1085 655 440 475 825 1555 340 1880 390 315 620 515 135 850 1990 130 2060 100 1465 1465 1515 300 990 215 1225 940 760 720 1315 1190 705 1265 470 1520 1415 945 230
1580 1575 975 100 165 1470 1705 1425 770 675 1935 1525 2075 1390 1295 1075 1760 1120 2055 520 45 285 430 255 1665 300 925 1425 1845 795 1200 860 1390 1035 0 1870 145 645 1475 1160 725 1895 595 2015 2105 235 1110 1620 2125 745 535 135 385 570 1345 1625 985 1070 475 1220 1305 880 335 50 380 595 1510 210 520 695 845 645 1350 1655 1550 1170 185 1245 905 1025 935 430 1770 480 735 2025 820 190 95 1795 1755 1920 155 330 1970 565 1715 1820 1980 1265
820 295 895 1770 1705 930 695 445 1630 1195 465 345 325 480 575 795 110 1280 185 1880 1915 1585 1970 2125 205 2100 945 975 555 1075 670 1540 1010 1365 1870 0 2015 1225 395 710 1145 505 1275 145 235 1635 760 780 275 1125 1865 1735 1485 1300 525 245 1415 1330 1925 1180 1095 990 1535 1820 2020 1805 890 2080 1350 1705 1025 1755 1050 745 850 1230 2055 625 1495 845 1465 1440 100 1390 1665 375 1580 1680 1965 605 645 50 1715 2070 100 1835 155 50 420 1135
1435 1720 1120 245 310 1325 1560 1570 625 820 1790 1670 1930 1535 1440 1220 1905 975 2070 375 100 430 285 110 1810 155 1070 1280 1700 940 1345 715 1245 890 145 2015 0 790 1620 1305 870 1750 740 2110 2020 380 1255 1475 1980 890 390 280 530 715 1490 1770 840 925 330 1075 1160 1025 480 195 235 450 1365 65 665 550 990 500 1205 1510 1405 1025 40 1390 760 1170 790 575 1915 625 590 1880 675 335 50 1650 1610 2065 300 185 2115 420 1860 1965 1835 1120
2045 930 330 545 480 2115 1920 780 1415 30 1690 880 1550 745 650 430 1115 1765 1410 1165 690 360 1075 900 1020 945 280 2070 1780 150 555 1505 2035 1680 645 1225 790 0 830 515 80 1730 50 1370 1460 410 465 2005 1500 100 1180 510 260 75 700 980 1630 1715 1120 1865 1950 235 310 595 1025 1240 2115 855 125 1340 200 1290 1995 1970 2075 1815 830 600 1550 380 1580 215 1125 165 1380 1600 1465 455 740 1830 1870 1275 490 975 1325 1210 1070 1175 1645 1910
1215 100 500 1375 1310 1325 1090 50 2025 800 860 50 720 85 180 400 285 1675 580 1995 1520 1190 1905 1730 190 1775 550 1370 950 680 275 1935 1405 1760 1475 395 1620 830 0 315 750 900 880 540 630 1240 365 1175 670 730 2010 1340 1090 905 130 150 1810 1725 1950 1575 1490 595 1140 1425 1855 2070 1285 1685 955 2100 630 2120 1445 1140 1245 1625 1660 230 1890 450 1860 1045 295 995 2060 770 1975 1285 1570 1000 1040 445 1320 1805 495 2040 240 345 815 1530
1530 415 185 1060 995 1640 1405 265 1930 485 1175 365 1035 230 135 85 600 1990 895 1680 1205 875 1590 1415 505 1460 235 1685 1265 365 40 2020 1720 2075 1160 710 1305 515 315 0 435 1215 565 855 945 925 50 1490 985 415 1695 1025 775 590 185 465 2125 2040 1635 1890 1805 280 825 1110 1540 1755 1600 1370 640 1855 315 1805 1760 1455 1560 1940 1345 85 2065 135 2095 730 610 680 1895 1085 1980 970 1255 1315 1355 760 1005 1490 810 1725 555 660 1130 1845
1965 850 250 625 560 2075 1840 700 1495 50 1610 800 1470 665 570 350 1035 1845 1330 1245 770 440 1155 980 940 1025 200 2120 1700 70 475 1585 2115 1760 725 1145 870 80 750 435 0 1650 130 1290 1380 490 385 1925 1420 20 1260 590 340 155 620 900 1710 1795 1200 1945 2030 155 390 675 1105 1320 2035 935 205 1420 120 1370 2075 1890 1995 1895 910 520 1630 300 1660 295 1045 245 1460 1520 1545 535 820 1750 1790 1195 570 1055 1245 1290 990 1095 1565 1990
315 800 1400 1995 2060 425 190 950 1125 1700 40 850 180 985 1080 1300 615 775 320 1375 1850 2090 1465 1640 710 1595 1450 470 50 1580 1175 1035 505 860 1895 505 1750 1730 900 1215 1650 0 1780 360 270 2130 1265 275 230 1630 1360 2030 1990 1805 1030 750 910 825 1420 675 590 1495 2040 1945 1515 1300 385 1685 1855 1200 1530 1250 545 240 345 725 1710 1130 990 1350 960 1945 605 1895 1160 130 1075 2085 1800 100 140 455 2050 1565 405 1330 660 555 85 630
2095 980 380 495 430 2065 1970 830 1365 80 1740 930 1600 795 700 480 1165 1715 1460 1115 640 310 1025 850 1070 895 330 2020 1830 200 605 1455 1985 1630 595 1275 740 50 880 565 130 1780 0 1420 1510 360 515 2055 1550 150 1130 460 210 25 750 1030 1580 1665 1070 1815 1900 285 260 545 975 1190 2105 805 75 1290 250 1240 1945 2020 2125 1765 780 650 1500 430 1530 165 1175 115 1330 1650 1415 405 690 1880 1920 1325 440 925 1375 1160 1120 1225 1695 1860
675 440 1040 1915 1850 785 550 590 1485 1340 320 490 180 625 720 940 255 1135 40 1735 2060 1730 1825 2000 350 1955 1090 830 410 1220 815 1395 865 1220 2015 145 2110 1370 540 855 1290 360 1420 0 90 1780 905 635 130 1270 1720 1880 1630 1445 670 390 1270 1185 1780 1035 950 1135 1680 1965 1875 1660 745 2045 1495 1560 1170 1610 905 600 705 1085 2070 770 1350 990 1320 1585 245 1535 1520 230 1435 1825 2110 460 500 95 1860 1925 45 1690 300 195 275 990
585 530 1130 2005 1940 695 460 680 1395 1430 230 580 90 715 810 1030 345 1045 50 1645 2120 1820 1735 1910 440 1865 1180 740 320 1310 905 1305 775 1130 2105 235 2020 1460 630 945 1380 270 1510 90 0 1870 995 545 40 1360 1630 1970 1720 1535 760 480 1180 1095 1690 945 860 1225 1770 2055 1785 1570 655 1955 1585 1470 1260 1520 815 510 615 995 1980 860 1260 1080 1230 1675 335 1625 1430 140 1345 1915 2070 370 410 185 1950 1835 135 1600 390 285 185 900
1815 1340 740 135 70 1705 1940 1190 1005 440 2100 1290 1960 1155 1060 840 1525 1355 1820 755 280 50 665 490 1430 535 690 1660 2080 560 965 1095 1625 1270 235 1635 380 410 1240 925 490 2130 360 1780 1870 0 875 1855 1910 510 770 100 150 335 1110 1390 1220 1305 710 1455 1540 645 100 185 615 830 1745 445 285 930 610 880 1585 1890 1785 1405 420 1010 1140 790 1170 195 1535 245 970 2010 1055 45 330 2030 1990 1685 80 565 1735 800 1480 1585 2055 1500
1580 465 135 1010 945 1690 1455 315 1880 435 1225 415 1085 280 185 35 650 2040 945 1630 1155 825 1540 1365 555 1410 185 1735 1315 315 90 1970 1770 2125 1110 760 1255 465 365 50 385 1265 515 905 995 875 0 1540 1035 365 1645 975 725 540 235 515 2095 2090 1585 1940 1855 230 775 1060 1490 1705 1650 1320 590 1805 265 1755 1810 1505 1610 1990 1295 135 2015 85 2045 680 660 630 1845 1135 1930 920 1205 1365 1405 810 955 1440 860 1675 605 710 1180 1895
40 1075 1675 1720 1785 150 85 1225 850 1975 315 1125 455 1260 1355 1575 890 500 595 1100 1575 1905 1190 1365 985 1320 1725 195 225 1855 1450 760 230 585 1620 780 1475 2005 1175 1490 1925 275 2055 635 545 1855 1540 0 505 1905 1085 1755 2005 2080 1305 1025 635 550 1145 400 315 1770 1955 1670 1240 1025 110 1410 2130 925 1805 975 270 35 70 450 1435 1405 715 1625 685 2050 880 2100 885 405 800 1810 1525 175 135 730 1775 1290 680 1055 935 830 360 355
545 570 1170 2045 1980 655 420 720 1355 1470 190 620 50 755 850 1070 385 1005 90 1605 2080 1860 1695 1870 480 1825 1220 700 280 1350 945 1265 735 1090 2125 275 1980 1500 670 985 1420 230 1550 130 40 1910 1035 505 0 1400 1590 2010 1760 1575 800 520 1140 1055 1650 905 820 1265 1810 2095 1745 1530 615 1915 1625 1430 1300 1480 775 470 575 955 1940 900 1220 1120 1190 1715 375 1665 1390 100 1305 1955 2030 330 370 225 1990 1795 175 1560 430 325 145 860
1945 830 230 645 580 2055 1820 680 1515 70 1590 780 1450 645 550 330 1015 1865 1310 1265 790 460 1175 1000 920 1045 180 2100 1680 50 455 1605 2135 1780 745 1125 890 100 730 415 20 1630 150 1270 1360 510 365 1905 1400 0 1280 610 360 175 600 880 1730 1815 1220 1965 2050 135 410 695 1125 1340 2015 955 225 1440 100 1390 2095 1870 1975 1915 930 500 1650 280 1680 315 1025 265 1480 1500 1565 555 840 1730 1770 1175 590 1075 1225 1310 970 1075 1545 2010
1045 2110 1510 635 700 935 1170 1960 235 1210 1400 2060 1540 1925 1830 1610 1975 585 1680 15 490 820 105 280 2070 235 1460 890 1310 1330 1735 325 855 500 535 1865 390 1180 2010 1695 1260 1360 1130 1720 1630 770 1645 1085 1590 1280 0 670 920 1105 1880 2110 450 535 60 685 770 1415 870 585 155 60 975 325 1055 160 1380 110 815 1120 1015 635 350 1780 370 1560 400 965 1965 1015 200 1490 285 725 440 1260 1220 1815 690 205 1765 30 2020 1915 1445 730
1715 1440 840 35 30 1605 1840 1290 905 540 2070 1390 2060 1255 1160 940 1625 1255 1920 655 180 150 565 390 1530 435 790 1560 1980 660 1065 995 1525 1170 135 1735 280 510 1340 1025 590 2030 460 1880 1970 100 975 1755 2010 610 670 0 250 435 1210 1490 1120 1205 610 1355 1440 745 200 85 515 730 1645 345 385 830 710 780 1485 1790 1685 1305 320 1110 1040 890 1070 295 1635 345 870 2110 955 55 230 1930 1890 1785 20 465 1835 700 1580 1685 2115 1400
1965 1190 590 285 220 1855 2090 1040 1155 290 1950 1140 1810 1005 910 690 1375 1505 1670 905 430 100 815 640 1280 685 540 1810 2040 410 815 1245 1775 1420 385 1485 530 260 1090 775 340 1990 210 1630 1720 150 725 2005 1760 360 920 250 0 185 960 1240 1370 1455 860 1605 1690 495 50 335 765 980 1895 595 135 1080 460 1030 1735 2040 1935 1555 570 860 1290 640 1320 45 1385 95 1120 1860 1205 195 480 2090 2130 1535 230 715 1585 950 1330 1435 1905 1650
2120 1005 405 470 405 2040 1995 855 1340 105 1765 955 1625 820 725 505 1190 1690 1485 1090 615 285 1000 825 1095 870 355 1995 1855 225 630 1430 1960 1605 570 1300 715 75 905 590 155 1805 25 1445 1535 335 540 2080 1575 175 1105 435 185 0 775 1055 1555 1640 1045 1790 1875 310 235 520 950 1165 2080 780 50 1265 275 1215 1920 2045 2120 1740 755 675 1475 455 1505 140 1200 90 1305 1675 1390 380 665 1905 1945 1350 415 900 1400 1135 1145 1250 1720 1835
1345 230 370 1245 1180 1455 1220 80 2115 670 990 180 850 45 50 270 415 1805 710 1865 1390 1060 1775 1600 320 1645 420 1500 1080 550 145 2065 1535 1890 1345 525 1490 700 130 185 620 1030 750 670 760 1110 235 1305 800 600 1880 1210 960 775 0 280 1940 1855 1820 1705 1620 465 1010 1295 1725 1940 1415 1555 825 2040 500 1990 1575 1270 1375 1755 1530 100 2020 320 1990 915 425 865 2080 900 2105 1155 1440 1130 1170 575 1190 1675 625 1910 370 475 945 1660
1065 50 650 1525 1460 1175 940 200 1875 950 710 100 570 235 330 550 135 1525 430 2125 1670 1340 2055 1880 40 1925 700 1220 800 830 425 1785 1255 1610 1625 245 1770 980 150 465 900 750 1030 390 480 1390 515 1025 520 880 2110 1490 1240 1055 280 0 1660 1575 2100 1425 1340 745 1290 1575 2005 2050 1135 1835 1105 1950 780 2000 1295 990 1095 1475 1810 380 1740 600 1710 1195 145 1145 1910 620 1825 1435 1720 850 890 295 1470 1955 345 2080 90 195 665 1380
595 1710 1960 1085 1150 485 720 1860 215 1660 950 1760 1090 1895 1990 2060 1525 135 1230 465 940 1270 555 730 1620 685 1910 440 860 1780 2085 125 405 50 985 1415 840 1630 1810 2125 1710 910 1580 1270 1180 1220 2095 635 1140 1730 450 1120 1370 1555 1940 1660 0 85 510 235 320 1865 1320 1035 605 390 525 775 1505 290 1830 340 365 670 565 185 800 2040 80 2010 50 1415 1515 1465 250 1040 165 1175 890 810 770 1365 1140 655 1315 420 1570 1465 995 280
510 1625 2045 1170 1235 400 635 1775 300 1745 865 1675 1005 1810 1905 2125 1440 50 1145 550 1025 1355 640 815 1535 770 1995 355 775 1865 2000 210 320 35 1070 1330 925 1715 1725 2040 1795 825 1665 1185 1095 1305 2090 550 1055 1815 535 1205 1455 1640 1855 1575 85 0 595 150 235 1950 1405 1120 690 475 440 860 1590 375 1915 425 280 585 480 100 885 1955 165 2095 135 1500 1430 1550 335 955 250 1260 975 725 685 1280 1225 740 1230 505 1485 1380 910 195
1105 2050 1450 575 640 995 1230 1900 295 1150 1460 2000 1600 1865 1770 1550 2035 645 1740 45 430 760 45 220 2130 175 1400 950 1370 1270 1675 385 915 560 475 1925 330 1120 1950 1635 1200 1420 1070 1780 1690 710 1585 1145 1650 1220 60 610 860 1045 1820 2100 510 595 0 745 830 1355 810 525 95 120 1035 265 995 220 1320 170 875 1180 1075 695 290 1720 430 1500 460 905 2025 955 260 1550 345 665 380 1320 1280 1875 630 145 1825 90 2080 1975 1505 790
360 1475 2075 1320 1385 250 485 1625 450 1895 715 1525 855 1660 1755 1975 1290 100 995 700 1175 1505 790 965 1385 920 2125 205 625 2015 1850 360 170 185 1220 1180 1075 1865 1575 1890 1945 675 1815 1035 945 1455 1940 400 905 1965 685 1355 1605 1790 1705 1425 235 150 745 0 85 2100 1555 1270 840 625 290 1010 1740 525 2065 575 130 435 330 50 1035 1805 315 2025 285 1650 1280 1700 485 805 400 1410 1125 575 535 1130 1375 890 1080 655 1335 1230 760 45
275 1390 1990 1405 1470 165 400 1540 535 1980 630 1440 770 1575 1670 1890 1205 185 910 785 1260 1590 875 1050 1300 1005 2040 120 540 2100 1765 445 85 270 1305 1095 1160 1950 1490 1805 2030 590 1900 950 860 1540 1855 315 820 2050 770 1440 1690 1875 1620 1340 320 235 830 85 0 2085 1640 1355 925 710 205 1095 1825 610 2120 660 45 350 245 135 1120 1720 400 1940 370 1735 1195 1785 570 720 485 1495 1210 490 450 1045 1460 975 995 740 1250 1145 675 40
1810 695 95 780 715 1920 1685 545 1650 205 1455 645 1315 510 415 195 880 2000 1175 1400 925 595 1310 1135 785 1180 45 1965 1545 85 320 1740 2000 1915 880 990 1025 235 595 280 155 1495 285 1135 1225 645 230 1770 1265 135 1415 745 495 310 465 745 1865 1950 1355 2100 2085 0 545 830 1260 1475 1880 1090 360 1575 35 1525 2040 1735 1840 2050 1065 365 1785 145 1815 450 890 400 1615 1365 1700 690 975 1595 1635 1040 725 1210 1090 1445 835 940 1410 2125
1915 1240 640 235 170 1805 2040 1090 1105 340 2000 1190 1860 1055 960 740 1425 1455 1720 855 380 50 765 590 1330 635 590 1760 2090 460 865 1195 1725 1370 335 1535 480 310 1140 825 390 2040 260 1680 1770 100 775 1955 1810 410 870 200 50 235 1010 1290 1320 1405 810 1555 1640 545 0 285 715 930 1845 545 185 1030 510 980 1685 1990 1885 1505 520 910 1240 690 1270 95 1435 145 1070 1910 1155 145 430 2130 2090 1585 180 665 1635 900 1380 1485 1955 1600
1630 1525 925 50 115 1520 1755 1375 820 625 1985 1475 2125 1340 1245 1025 1710 1170 2005 570 95 235 480 305 1615 350 875 1475 1895 745 1150 910 1440 1085 50 1820 195 595 1425 1110 675 1945 545 1965 2055 185 1060 1670 2095 695 585 85 335 520 1295 1575 1035 1120 525 1270 1355 830 285 0 430 645 1560 260 470 745 795 695 1400 1705 1600 1220 235 1195 955 975 985 380 1720 430 785 2075 870 140 145 1845 1805 1870 105 380 1920 615 1665 1770 2030 1315
1200 1955 1355 480 545 1090 1325 1805 390 1055 1555 1905 1695 1770 1675 1455 2130 740 1835 140 335 665 50 125 2045 80 1305 1045 1465 1175 1580 480 1010 655 380 2020 235 1025 1855 1540 1105 1515 975 1875 1785 615 1490 1240 1745 1125 155 515 765 950 1725 2005 605 690 95 840 925 1260 715 430 0 215 1130 170 900 315 1225 265 970 1275 1170 790 195 1625 525 1405 555 810 2120 860 355 1645 440 570 285 1415 1375 1970 535 50 1920 185 2095 2070 1600 885
985 2100 1570 695 760 875 1110 2020 175 1270 1340 2120 1480 1985 1890 1670 1915 525 1620 75 550 880 165 340 2010 295 1520 830 1250 1390 1795 265 795 440 595 1805 450 1240 2070 1755 1320 1300 1190 1660 1570 830 1705 1025 1530 1340 60 730 980 1165 1940 2050 390 475 120 625 710 1475 930 645 215 0 915 385 1115 100 1440 50 755 1060 955 575 410 1840 310 1620 340 1025 1905 1075 140 1430 225 785 500 1200 1160 1755 750 265 1705 30 1960 1855 1385 670
70 1185 1785 1610 1675 40 195 1335 740 2085 425 1235 565 1370 1465 1685 1000 390 705 990 1465 1795 1080 1255 1095 1210 1835 85 335 1965 1560 650 120 475 1510 890 1365 2115 1285 1600 2035 385 2105 745 655 1745 1650 110 615 2015 975 1645 1895 2080 1415 1135 525 440 1035 290 205 1880 1845 1560 1130 915 0 1300 2030 815 1915 865 160 145 40 340 1325 1515 605 1735 575 1940 990 1990 775 515 690 1700 1415 285 245 840 1665 1180 790 945 1045 940 470 245
1370 1785 1185 310 375 1260 1495 1635 560 885 1725 1735 1865 1600 1505 1285 1970 910 2005 310 165 495 220 45 1875 90 1135 1215 1635 1005 1410 650 1180 825 210 2080 65 855 1685 1370 935 1685 805 2045 1955 445 1320 1410 1915 955 325 345 595 780 1555 1835 775 860 265 1010 1095 1090 545 260 170 385 1300 0 730 485 1055 435 1140 1445 1340 960 25 1455 695 1235 725 640 1980 690 525 1815 610 400 115 1585 1545 2130 365 120 2090 355 1925 2030 1770 1055
2100 1055 455 420 355 1990 2045 905 1290 155 1815 1005 1675 870 775 555 1240 1640 1535 1040 565 235 950 775 1145 820 405 1945 1905 275 680 1380 1910 1555 520 1350 665 125 955 640 205 1855 75 1495 1585 285 590 2130 1625 225 1055 385 135 50 825 1105 1505 1590 995 1740 1825 360 185 470 900 1115 2030 730 0 1215 325 1165 1870 2095 2070 1690 705 725 1425 505 1455 90 1250 40 1255 1725 1340 330 615 1955 1995 1400 365 850 1450 1085 1195 1300 1770 1785
885 2000 1670 795 860 775 1010 2120 75 1370 1240 2050 1380 2085 1990 1770 1815 425 1520 175 650 980 265 440 1910 395 1620 730 1150 1490 1895 165 695 340 695 1705 550 1340 2100 1855 1420 1200 1290 1560 1470 930 1805 925 1430 1440 160 830 1080 1265 2040 1950 290 375 220 525 610 1575 1030 745 315 100 815 485 1215 0 1540 50 655 960 855 475 510 1940 210 1720 240 1125 1805 1175 40 1330 125 885 600 1100 1060 1655 850 365 1605 130 1860 1755 1285 570
1845 730 130 745 680 1955 1720 580 1615 170 1490 680 1350 545 450 230 915 1965 1210 1365 890 560 1275 1100 820 1145 80 2000 1580 50 355 1705 2035 1880 845 1025 990 200 630 315 120 1530 250 1170 1260 610 265 1805 1300 100 1380 710 460 275 500 780 1830 1915 1320 2065 2120 35 510 795 1225 1440 1915 1055 325 1540 0 1490 2075 1770 1875 2015 1030 400 1750 180 1780 415 925 365 1580 1400 1665 655 940 1630 1670 1075 690 1175 1125 1410 870 975 1445 2110
935 2050 1620 745 810 825 1060 2070 125 1320 1290 2100 1430 2035 1940 1720 1865 475 1570 125 600 930 215 390 1960 345 1570 780 1200 1440 1845 215 745 390 645 1755 500 1290 2120 1805 1370 1250 1240 1610 1520 880 1755 975 1480 1390 110 780 1030 1215 1990 2000 340 425 170 575 660 1525 980 695 265 50 865 435 1165 50 1490 0 705 1010 905 525 460 1890 260 1670 290 1075 1855 1125 90 1380 175 835 550 1150 1110 1705 800 315 1655 80 1910 1805 1335 620
230 1345 1945 1450 1515 120 355 1495 580 2025 585 1395 725 1530 1625 1845 1160 230 865 830 1305 1635 920 1095 1255 1050 1995 75 495 2125 1720 490 40 315 1350 1050 1205 1995 1445 1760 2075 545 1945 905 815 1585 1810 270 775 2095 815 1485 1735 1920 1575 1295 365 280 875 130 45 2040 1685 1400 970 755 160 1140 1870 655 2075 705 0 305 200 180 1165 1675 445 1895 415 1780 1150 1830 615 675 530 1540 1255 445 405 1000 1505 1020 950 785 1205 1100 630 85
75 1040 1640 1755 1820 185 50 1190 885 1940 280 1090 420 1225 1320 1540 855 535 560 1135 1610 1940 1225 1400 950 1355 1690 230 190 1820 1415 795 265 620 1655 745 1510 1970 1140 1455 1890 240 2020 600 510 1890 1505 35 470 1870 1120 1790 2040 2045 1270 990 670 585 1180 435 350 1735 1990 1705 1275 1060 145 1445 2095 960 1770 1010 305 0 105 485 1470 1370 750 1590 720 2085 845 2135 920 370 835 1845 1560 140 100 695 1810 1325 645 1090 900 795 325 390
30 1145 1745 1650 1715 80 155 1295 780 2045 385 1195 525 1330 1425 1645 960 430 665 1030 1505 1835 1120 1295 1055 1250 1795 125 295 1925 1520 690 160 515 1550 850 1405 2075 1245 1560 1995 345 2125 705 615 1785 1610 70 575 1975 1015 1685 1935 2120 1375 1095 565 480 1075 330 245 1840 1885 1600 1170 955 40 1340 2070 855 1875 905 200 105 0 380 1365 1475 645 1695 615 1980 950 2030 815 475 730 1740 1455 245 205 800 1705 1220 750 985 1005 900 430 285
410 1525 2125 1270 1335 300 535 1675 400 1845 765 1575 905 1710 1805 2025 1340 50 1045 650 1125 1455 740 915 1435 870 2095 255 675 1965 1900 310 220 135 1170 1230 1025 1815 1625 1940 1895 725 1765 1085 995 1405 1990 450 955 1915 635 1305 1555 1740 1755 1475 185 100 695 50 135 2050 1505 1220 790 575 340 960 1690 475 2015 525 180 485 380 0 985 1855 265 2075 235 1600 1330 1650 435 855 350 1360 1075 625 585 1180 1325 840 1130 605 1385 1280 810 95
1395 1760 1160 285 350 1285 1520 1610 585 860 1750 1710 1890 1575 1480 1260 1945 935 2030 335 140 470 245 70 1850 115 1110 1240 1660 980 1385 675 1205 850 185 2055 40 830 1660 1345 910 1710 780 2070 1980 420 1295 1435 1940 930 350 320 570 755 1530 1810 800 885 290 1035 1120 1065 520 235 195 410 1325 25 705 510 1030 460 1165 1470 1365 985 0 1430 720 1210 750 615 1955 665 550 1840 635 375 90 1610 1570 2105 340 145 2115 380 1900 2005 1795 1080
1445 330 270 1145 1080 1555 1320 180 2015 570 1090 280 950 145 50 170 515 1905 810 1765 1290 960 1675 1500 420 1545 320 1600 1180 450 45 2105 1635 1990 1245 625 1390 600 230 85 520 1130 650 770 860 1010 135 1405 900 500 1780 1110 860 675 100 380 2040 1955 1720 1805 1720 365 910 1195 1625 1840 1515 1455 725 1940 400 1890 1675 1370 1475 1855 1430 0 2120 220 2090 815 525 765 1980 1000 2065 1055 1340 1230 1270 675 1090 1575 725 1810 470 575 1045 1760
675 1790 1880 1005 1070 565 800 1940 135 1580 1030 1840 1170 1975 2070 1980 1605 215 1310 385 860 1190 475 650 1700 605 1830 520 940 1700 2105 45 485 130 905 1495 760 1550 1890 2065 1630 990 1500 1350 1260 1140 2015 715 1220 1650 370 1040 1290 1475 2020 1740 80 165 430 315 400 1785 1240 955 525 310 605 695 1425 210 1750 260 445 750 645 265 720 2120 0 1930 30 1335 1595 1385 170 1120 85 1095 810 890 850 1445 1060 575 1395 340 1650 1545 1075 360
1665 550 50 925 860 1775 1540 400 1795 350 1310 500 1170 365 270 50 735 2125 1030 1545 1070 740 1455 1280 640 1325 100 1820 1400 230 175 1885 1855 2060 1025 845 1170 380 450 135 300 1350 430 990 1080 790 85 1625 1120 280 1560 890 640 455 320 600 2010 2095 1500 2025 1940 145 690 975 1405 1620 1735 1235 505 1720 180 1670 1895 1590 1695 2075 1210 220 1930 0 1960 595 745 545 1760 1220 1845 835 1120 1450 1490 895 870 1355 945 1590 690 795 1265 1980
645 1760 1910 1035 1100 535 770 1910 165 1610 1000 1810 1140 1945 2040 2010 1575 185 1280 415 890 1220 505 680 1670 635 1860 490 910 1730 2135 75 455 100 935 1465 790 1580 1860 2095 1660 960 1530 1320 1230 1170 2045 685 1190 1680 400 1070 1320 1505 1990 1710 50 135 460 285 370 1815 1270 985 555 340 575 725 1455 240 1780 290 415 720 615 235 750 2090 30 1960 0 1365 1565 1415 200 1090 115 1125 840 860 820 1415 1090 605 1365 370 1620 1515 1045 330
2010 1145 545 330 265 1900 2135 995 1200 245 1905 1095 1765 960 865 645 1330 1550 1625 950 475 145 860 685 1235 730 495 1855 1995 365 770 1290 1820 1465 430 1440 575 215 1045 730 295 1945 165 1585 1675 195 680 2050 1715 315 965 295 45 140 915 1195 1415 1500 905 1650 1735 450 95 380 810 1025 1940 640 90 1125 415 1075 1780 2085 1980 1600 615 815 1335 595 1365 0 1340 50 1165 1815 1250 240 525 2045 2085 1490 275 760 1540 995 1285 1390 1860 1695
920 195 795 1670 1605 1030 795 345 1730 1095 565 245 425 380 475 695 10 1380 285 1980 1815 1485 2070 2025 105 2070 845 1075 655 975 570 1640 1110 1465 1770 100 1915 1125 295 610 1045 605 1175 245 335 1535 660 880 375 1025 1965 1635 1385 1200 425 145 1515 1430 2025 1280 1195 890 1435 1720 2120 1905 990 1980 1250 1805 925 1855 1150 845 950 1330 1955 525 1595 745 1565 1340 0 1290 1765 475 1680 1580 1865 705 745 150 1615 2100 200 1935 55 50 520 1235
2060 1095 495 380 315 1950 2085 945 1250 195 1855 1045 1715 910 815 595 1280 1600 1575 1000 525 195 910 735 1185 780 445 1905 1945 315 720 1340 1870 1515 480 1390 625 165 995 680 245 1895 115 1535 1625 245 630 2100 1665 265 1015 345 95 90 865 1145 1465 1550 955 1700 1785 400 145 430 860 1075 1990 690 40 1175 365 1125 1830 2135 2030 1650 665 765 1385 545 1415 50 1290 0 1215 1765 1300 290 575 1995 2035 1440 325 810 1490 1045 1235 1340 1810 1745
845 1960 1710 835 900 735 970 2110 35 1410 1200 2010 1340 2125 2030 1810 1775 385 1480 215 690 1020 305 480 1870 435 1660 690 1110 1530 1935 125 655 300 735 1665 590 1380 2060 1895 1460 1160 1330 1520 1430 970 1845 885 1390 1480 200 870 1120 1305 2080 1910 250 335 260 485 570 1615 1070 785 355 140 775 525 1255 40 1580 90 615 920 815 435 550 1980 170 1760 200 1165 1765 1215 0 1290 85 925 640 1060 1020 1615 890 405 1565 170 1820 1715 1245 530
445 670 1270 2125 2080 555 320 820 1255 1570 90 720 50 855 950 1170 485 905 190 1505 1980 1960 1595 1770 580 1725 1320 600 180 1450 1045 1165 635 990 2025 375 1880 1600 770 1085 1520 130 1650 230 140 2010 1135 405 100 1500 1490 2110 1860 1675 900 620 1040 955 1550 805 720 1365 1910 2075 1645 1430 515 1815 1725 1330 1400 1380 675 370 475 855 1840 1000 1120 1220 1090 1815 475 1765 1290 0 1205 2055 1930 230 270 325 2090 1695 275 1460 530 425 45 760
760 1875 1795 920 985 650 885 2025 50 1495 1115 1925 1255 2060 2115 1895 1690 300 1395 300 775 1105 390 565 1785 520 1745 605 1025 1615 2020 40 570 215 820 1580 675 1465 1975 1980 1545 1075 1415 1435 1345 1055 1930 800 1305 1565 285 955 1205 1390 2105 1825 165 250 345 400 485 1700 1155 870 440 225 690 610 1340 125 1665 175 530 835 730 350 635 2065 85 1845 115 1250 1680 1300 85 1205 0 1010 725 975 935 1530 975 490 1480 255 1735 1630 1160 445
1770 1385 785 90 25 1660 1895 1235 960 485 2125 1335 2005 1200 1105 885 1570 1310 1865 710 235 95 620 445 1475 490 735 1615 2035 605 1010 1050 1580 1225 190 1680 335 455 1285 970 535 2085 405 1825 1915 45 920 1810 1955 555 725 55 195 380 1155 1435 1175 1260 665 1410 1495 690 145 140 570 785 1700 400 330 885 655 835 1540 1845 1740 1360 375 1055 1095 835 1125 240 1580 290 925 2055 1010 0 285 1985 1945 1730 35 520 1780 755 1525 1630 2100 1455
1485 1670 1070 195 260 1375 1610 1520 675 770 1840 1620 1980 1485 1390 1170 1855 1025 2120 425 50 380 335 160 1760 205 1020 1330 1750 890 1295 765 1295 940 95 1965 50 740 1570 1255 820 1800 690 2110 2070 330 1205 1525 2030 840 440 230 480 665 1440 1720 890 975 380 1125 1210 975 430 145 285 500 1415 115 615 600 940 550 1255 1560 1455 1075 90 1340 810 1120 840 525 1865 575 640 1930 725 285 0 1700 1660 2015 250 235 2065 470 1810 1915 1885 1170
215 900 1500 1895 1960 325 90 1050 1025 1800 140 950 280 1085 1180 1400 715 675 420 1275 1750 2080 1365 1540 810 1495 1550 370 50 1680 1275 935 405 760 1795 605 1650 1830 1000 1315 1750 100 1880 460 370 2030 1365 175 330 1730 1260 1930 2090 1905 1130 850 810 725 1320 575 490 1595 2130 1845 1415 1200 285 1585 1955 1100 1630 1150 445 140 245 625 1610 1230 890 1450 860 2045 705 1995 1060 230 975 1985 1700 0 40 555 1950 1465 505 1230 760 655 185 530
175 940 1540 1855 1920 285 50 1090 985 1840 180 990 320 1125 1220 1440 755 635 460 1235 1710 2040 1325 1500 850 1455 1590 330 90 1720 1315 895 365 720 1755 645 1610 1870 1040 1355 1790 140 1920 500 410 1990 1405 135 370 1770 1220 1890 2130 1945 1170 890 770 685 1280 535 450 1635 2090 1805 1375 1160 245 1545 1995 1060 1670 1110 405 100 205 585 1570 1270 850 1490 820 2085 745 2035 1020 270 935 1945 1660 40 0 595 1910 1425 545 1190 800 695 225 490
770 345 945 1820 1755 880 645 495 1580 1245 415 395 275 530 625 845 160 1230 135 1830 1965 1635 1920 2095 255 2050 995 925 505 1125 720 1490 960 1315 1920 50 2065 1275 445 760 1195 455 1325 95 185 1685 810 730 225 1175 1815 1785 1535 1350 575 295 1365 1280 1875 1130 1045 1040 1585 1870 1970 1755 840 2130 1400 1655 1075 1705 1000 695 800 1180 2105 675 1445 895 1415 1490 150 1440 1615 325 1530 1730 2015 555 595 0 1765 2020 50 1785 205 100 370 1085
1735 1420 820 55 10 1625 1860 1270 925 520 2090 1370 2040 1235 1140 920 1605 1275 1900 675 200 130 585 410 1510 455 770 1580 2000 640 1045 1015 1545 1190 155 1715 300 490 1320 1005 570 2050 440 1860 1950 80 955 1775 1990 590 690 20 230 415 1190 1470 1140 1225 630 1375 1460 725 180 105 535 750 1665 365 365 850 690 800 1505 1810 1705 1325 340 1090 1060 870 1090 275 1615 325 890 2090 975 35 250 1950 1910 1765 0 485 1815 720 1560 1665 2135 1420
1250 1905 1305 430 495 1140 1375 1755 440 1005 1605 1855 1745 1720 1625 1405 2090 790 1885 190 285 615 100 75 1995 30 1255 1095 1515 1125 1530 530 1060 705 330 2070 185 975 1805 1490 1055 1565 925 1925 1835 565 1440 1290 1795 1075 205 465 715 900 1675 1955 655 740 145 890 975 1210 665 380 50 265 1180 120 850 365 1175 315 1020 1325 1220 840 145 1575 575 1355 605 760 2100 810 405 1695 490 520 235 1465 1425 2020 485 0 1970 235 2045 2120 1650 935
720 395 995 1870 1805 830 595 545 1530 1295 365 445 225 580 675 895 210 1180 85 1780 2015 1685 1870 2045 305 2000 1045 875 455 1175 770 1440 910 1265 1970 100 2115 1325 495 810 1245 405 1375 45 135 1735 860 680 175 1225 1765 1835 1585 1400 625 345 1315 1230 1825 1080 995 1090 1635 1920 1920 1705 790 2090 1450 1605 1125 1655 950 645 750 1130 2115 725 1395 945 1365 1540 200 1490 1565 275 1480 1780 2065 505 545 50 1815 1970 0 1735 255 150 320 1035
1015 2130 1540 665 730 905 1140 1990 205 1240 1370 2090 1510 1955 1860 1640 1945 555 1650 45 520 850 135 310 2040 265 1490 860 1280 1360 1765 295 825 470 565 1835 420 1210 2040 1725 1290 1330 1160 1690 1600 800 1675 1055 1560 1310 30 700 950 1135 1910 2080 420 505 90 655 740 1445 900 615 185 30 945 355 1085 130 1410 80 785 1090 985 605 380 1810 340 1590 370 995 1935 1045 170 1460 255 755 470 1230 1190 1785 720 235 1735 0 1990 1885 1415 700
975 140 740 1615 1550 1085 850 290 1785 1040 620 190 480 325 420 640 45 1435 340 2035 1760 1430 2125 1970 50 2015 790 1130 710 920 515 1695 1165 1520 1715 155 1860 1070 240 555 990 660 1120 300 390 1480 605 935 430 970 2020 1580 1330 1145 370 90 1570 1485 2080 1335 1250 835 1380 1665 2095 1960 1045 1925 1195 1860 870 1910 1205 900 1005 1385 1900 470 1650 690 1620 1285 55 1235 1820 530 1735 1525 1810 760 800 205 1560 2045 255 1990 0 105 575 1290
870 245 845 1720 1655 980 745 395 1680 1145 515 295 375 430 525 745 60 1330 235 1930 1865 1535 2020 2075 155 2120 895 1025 605 1025 620 1590 1060 1415 1820 50 1965 1175 345 660 1095 555 1225 195 285 1585 710 830 325 1075 1915 1685 1435 1250 475 195 1465 1380 1975 1230 1145 940 1485 1770 2070 1855 940 2030 1300 1755 975 1805 1100 795 900 1280 2005 575 1545 795 1515 1390 50 1340 1715 425 1630 1630 1915 655 695 100 1665 2120 150 1885 105 0 470 1185
400 715 1315 2080 2125 510 275 865 1210 1615 45 765 95 900 995 1215 530 860 235 1460 1935 2005 1550 1725 625 1680 1365 555 135 1495 1090 1120 590 945 1980 420 1835 1645 815 1130 1565 85 1695 275 185 2055 1180 360 145 1545 1445 2115 1905 1720 945 665 995 910 1505 760 675 1410 1955 2030 1600 1385 470 1770 1770 1285 1445 1335 630 325 430 810 1795 1045 1075 1265 1045 1860 520 1810 1245 45 1160 2100 1885 185 225 370 2135 1650 320 1415 575 470 0 715
315 1430 2030 1365 1430 205 440 1580 495 1940 670 1480 810 1615 1710 1930 1245 145 950 745 1220 1550 835 1010 1340 965 2080 160 580 2060 1805 405 125 230 1265 1135 1120 1910 1530 1845 1990 630 1860 990 900 1500 1895 355 860 2010 730 1400 1650 1835 1660 1380 280 195 790 45 40 2125 1600 1315 885 670 245 1055 1785 570 2110 620 85 390 285 95 1080 1760 360 1980 330 1695 1235 1745 530 760 445 1455 1170 530 490 1085 1420 935 1035 700 1290 1185 715 0
