1000 687 660
1000 737 661
111 7 163
114 68 732
118 93 838
123 10 728
125 94 167
130 119 744
133 34 103
136 108 915
138 7 164
139 127 926
139 22 927
146 40 242
146 45 243
149 107 508
152 120 49
152 52 48
153 6 526
154 53 558
162 48 270
164 12 567
171 170 542
174 113 298
176 141 828
179 9 138
182 84 966
183 116 402
183 90 403
184 54 901
187 177 341
19 10 729
191 6 525
193 8 756
197 157 920
198 110 326
201 192 246
204 131 39
205 33 303
208 39 876
212 177 342
215 56 545
218 96 335
221 16 818
223 53 557
228 100 377
236 25 89
238 74 738
239 4 948
240 31 600
241 50 976
242 78 550
247 157 919
247 235 918
253 174 297
254 106 982
255 51 856
255 75 857
257 121 884
259 249 66
260 173 635
261 59 437
262 158 894
270 167 655
271 217 83
272 237 1000
273 156 135
274 261 438
275 232 292
277 14 978
279 32 869
281 24 898
282 17 938
283 124 72
285 20 382
286 164 566
288 256 532
290 195 170
290 202 171
291 115 254
294 67 186
295 26 119
295 284 118
300 151 774
301 270 656
302 248 517
305 221 819
306 188 46
306 52 47
307 278 315
308 196 426
309 234 761
311 252 593
315 87 497
316 269 529
317 75 858
319 216 95
319 92 94
320 202 172
323 95 754
324 47 397
325 297 452
327 201 245
327 45 244
329 61 718
330 314 447
333 225 363
335 128 864
337 122 603
339 279 870
339 5 871
341 160 62
342 136 914
344 209 391
345 148 637
345 260 636
346 74 739
349 206 580
351 101 501
351 200 500
352 293 615
353 44 664
354 167 654
355 289 767
357 61 719
360 296 20
361 330 446
361 334 445
362 17 939
362 80 940
366 267 155
367 84 967
368 211 456
370 331 266
371 180 412
371 250 413
372 365 12
373 222 202
374 213 721
374 357 720
375 4 947
376 359 348
380 184 900
380 24 899
381 322 824
381 86 823
382 173 634
383 158 895
385 229 715
385 384 714
387 67 187
39 28 875
392 298 257
394 334 444
396 272 1
396 386 2
398 153 527
398 269 528
399 180 411
400 313 432
400 79 433
401 132 208
404 195 169
404 94 168
405 181 14
405 365 13
407 253 296
408 338 705
409 373 201
410 89 620
411 26 120
412 86 822
413 185 886
413 257 885
414 353 663
416 163 690
417 55 787
419 348 260
420 175 813
423 403 571
424 103 57
424 81 58
425 23 493
426 425 494
426 57 495
427 85 180
428 160 61
429 21 230
429 268 229
430 18 849
430 230 848
431 187 340
434 218 334
434 35 333
438 46 374
439 277 979
441 264 793
442 102 881
443 192 247
444 391 477
445 103 56
445 378 55
446 118 837
446 30 836
447 324 398
447 43 399
448 304 951
450 128 863
451 190 909
451 421 910
456 124 73
457 125 166
457 138 165
458 159 440
458 274 439
459 238 737
460 317 859
462 256 531
462 316 530
463 321 994
463 406 993
464 13 435
464 79 434
467 21 231
469 220 647
470 433 944
470 62 943
471 69 160
472 1 286
472 15 287
475 363 113
477 328 36
480 477 35
481 436 337
481 96 336
482 129 778
483 344 392
483 97 393
484 188 45
485 233 810
487 275 291
488 242 551
489 455 75
489 456 74
492 266 318
492 364 319
493 36 311
494 300 775
495 340 652
495 354 653
496 236 88
497 112 795
497 441 794
498 29 667
498 474 668
499 416 691
50 14 977
502 263 960
503 402 747
504 113 299
504 142 300
505 135 219
506 244 694
507 285 381
509 454 627
511 36 312
512 91 641
513 342 913
515 166 116
515 284 117
516 219 806
516 63 805
518 33 304
518 72 305
519 186 934
520 499 692
520 506 693
523 70 702
524 449 100
525 41 283
526 479 145
527 148 638
528 493 310
529 77 480
530 127 925
531 387 188
532 299 607
532 393 608
533 214 418
535 478 931
536 100 376
536 438 375
537 58 574
538 12 568
539 340 651
541 246 351
547 367 968
548 248 516
549 116 401
549 43 400
550 468 357
551 485 809
552 280 597
552 543 596
555 258 222
556 65 675
557 496 87
558 450 862
559 545 771
560 109 428
560 308 427
561 423 572
561 537 573
562 514 107
563 369 735
563 459 736
564 294 185
564 42 184
565 368 455
566 395 423
567 546 5
569 231 415
569 250 414
570 240 599
570 280 598
571 179 137
571 273 136
572 175 814
572 568 815
573 289 768
575 129 777
575 494 776
577 119 745
577 402 746
578 478 930
579 519 933
579 535 932
580 452 42
581 224 845
581 397 844
582 348 261
583 299 606
584 132 209
586 29 666
586 44 665
587 135 218
588 133 104
589 350 360
59 13 436
590 500 535
591 65 676
592 397 843
593 104 384
593 20 383
594 1 285
594 525 284
595 292 644
596 27 697
597 534 263
597 582 262
598 110 327
598 522 328
599 191 524
600 105 683
601 488 552
602 34 102
602 449 101
603 542 28
604 222 203
604 358 204
605 411 121
605 440 122
607 524 99
608 209 390
609 15 288
610 444 478
610 77 479
612 258 221
612 505 220
613 403 570
613 538 569
614 482 779
615 185 887
616 49 147
616 526 146
617 265 632
617 382 633
618 428 60
618 81 59
620 474 669
621 23 492
622 265 631
622 66 630
624 502 959
625 271 82
626 313 431
627 507 380
628 62 942
628 80 941
629 243 199
629 409 200
631 486 466
632 111 162
632 69 161
634 304 952
635 264 792
636 514 108
636 76 109
639 9 139
640 305 820
640 412 821
641 539 650
642 60 577
643 417 786
644 630 92
644 92 93
645 544 957
645 624 958
647 455 76
648 38 712
648 384 713
651 2 561
653 140 997
654 107 509
655 556 674
656 228 378
656 627 379
657 503 748
657 88 749
659 432 474
660 262 893
660 619 892
662 220 646
662 595 645
663 528 309
664 82 463
665 576 23
666 408 706
667 336 212
667 37 213
668 85 179
669 117 511
669 654 510
670 22 928
670 578 929
671 232 293
672 105 684
672 390 685
673 322 825
674 487 290
674 609 289
675 440 123
676 121 883
676 442 882
677 350 359
677 468 358
678 18 850
678 287 851
679 607 98
680 585 520
681 545 770
681 573 769
682 281 897
682 383 896
683 650 989
683 658 990
684 189 798
684 646 799
685 509 628
685 66 629
686 46 373
688 137 405
688 90 404
689 137 406
690 512 640
690 527 639
691 208 877
691 377 878
692 364 320
693 147 986
693 652 985
694 427 181
695 225 362
695 589 361
696 117 512
696 453 513
697 82 462
698 547 969
699 145 539
699 415 538
700 211 457
701 343 903
701 54 902
702 197 921
702 326 922
703 134 388
703 608 389
704 469 648
704 641 649
705 634 953
706 311 594
706 543 595
707 356 624
707 553 623
708 196 425
708 395 424
709 109 429
709 626 430
710 42 183
710 694 182
711 186 935
712 372 11
712 501 10
713 76 110
714 241 975
715 101 502
716 234 762
717 389 489
719 71 17
720 332 226
722 216 96
722 679 97
723 259 67
724 142 301
724 205 302
725 55 788
726 659 473
727 115 253
727 491 252
728 11 709
729 480 34
731 369 734
731 68 733
732 37 214
733 161 687
733 390 686
734 161 688
734 163 689
736 399 410
737 414 662
738 141 829
739 2 562
739 210 563
740 224 846
740 230 847
741 637 322
741 692 321
742 555 223
743 303 142
744 611 611
745 296 19
745 71 18
746 467 232
747 599 523
748 508 7
748 567 6
749 705 954
750 635 791
751 542 27
752 726 472
753 282 937
753 711 936
754 199 236
754 718 237
755 120 50
755 3 51
756 638 193
757 178 867
757 32 868
758 394 443
759 56 546
759 83 547
760 251 370
761 213 722
762 114 731
762 19 730
763 303 143
763 479 144
764 332 225
764 742 224
765 217 84
766 219 807
766 551 808
767 11 710
767 38 711
768 346 740
769 199 235
770 476 470
770 752 471
773 723 68
773 73 69
774 591 677
774 623 678
775 131 38
775 328 37
776 352 616
776 388 617
778 637 323
779 48 269
780 150 150
780 312 151
781 333 364
781 437 365
782 391 476
782 432 475
783 150 149
783 49 148
784 102 880
784 377 879
785 266 317
785 278 316
786 243 198
787 207 672
787 655 673
788 245 132
788 310 131
789 768 741
790 130 743
790 789 742
791 730 31
792 611 612
793 544 956
793 749 955
794 123 727
795 72 306
796 147 987
796 650 988
797 379 554
797 601 553
798 58 575
798 60 576
799 154 559
799 651 560
800 149 507
801 178 866
801 335 865
802 293 614
802 792 613
803 239 949
803 448 950
804 557 86
804 765 85
805 675 124
806 643 785
807 553 622
807 89 621
808 140 996
808 321 995
809 5 872
810 466 460
810 697 461
811 227 330
811 522 329
812 736 409
813 355 766
813 554 765
814 326 923
814 530 924
815 431 339
815 436 338
816 155 583
817 663 308
817 795 307
818 307 314
818 511 313
819 207 671
819 620 670
820 226 725
820 794 726
821 227 331
821 35 332
822 360 21
822 665 22
823 212 343
824 735 79
825 473 589
826 144 972
827 27 698
827 661 699
828 738 830
829 680 521
829 747 522
830 312 152
831 263 961
832 176 827
832 673 826
833 550 356
834 714 974
834 826 973
835 689 407
835 812 408
836 418 586
837 805 125
838 510 128
839 639 140
839 743 141
840 244 695
840 596 696
841 165 240
841 40 241
842 356 625
842 454 626
843 386 3
843 546 4
844 156 134
844 245 133
845 729 33
845 730 32
846 226 724
846 761 723
847 393 609
847 744 610
848 169 157
848 366 156
849 443 248
849 521 249
850 63 804
851 347 681
851 600 682
852 159 441
852 758 442
853 490 354
853 833 355
854 574 782
855 172 177
855 668 178
856 283 71
856 73 70
857 292 643
857 91 642
858 223 556
858 379 555
859 461 751
859 88 750
860 486 465
860 664 464
861 318 801
861 646 800
862 358 205
863 310 130
863 510 129
864 210 564
864 286 565
865 170 543
865 215 544
866 204 40
866 452 41
867 249 65
868 592 842
869 576 24
87 57 496
870 267 154
870 830 153
871 325 453
871 565 454
872 625 81
872 735 80
873 529 481
873 98 482
874 194 275
875 621 491
875 717 490
876 31 601
876 337 602
877 172 176
877 649 175
878 112 796
878 189 797
879 406 992
879 658 991
880 203 420
880 533 419
881 297 451
881 435 450
882 166 115
882 363 114
883 288 533
883 590 534
884 3 52
885 615 888
885 99 889
886 347 680
886 623 679
887 16 817
887 568 816
888 323 753
888 461 752
889 25 90
889 630 91
890 647 77
890 824 78
891 151 773
891 559 772
892 806 784
892 854 783
893 134 387
894 28 874
894 809 873
895 64 840
895 868 841
896 126 906
897 837 126
897 838 127
898 309 760
898 633 759
899 168 853
899 287 852
900 320 173
900 649 174
901 301 657
902 200 499
902 315 498
903 214 417
903 231 416
904 359 347
904 721 346
905 251 369
905 772 368
906 619 891
906 99 890
907 126 907
907 190 908
908 47 396
909 165 239
909 718 238
910 388 618
910 410 619
911 203 421
911 566 422
912 233 811
912 420 812
913 606 484
913 98 483
914 466 459
914 700 458
915 252 592
916 554 764
916 716 763
917 343 904
917 896 905
918 603 29
918 791 30
919 725 789
919 750 790
920 78 549
920 83 548
921 786 197
922 108 916
922 235 917
923 908 395
923 97 394
924 638 192
924 777 191
925 276 505
925 800 506
926 145 540
926 171 541
927 375 946
927 433 945
928 229 716
928 329 717
929 751 26
929 869 25
93 64 839
930 501 9
930 508 8
931 460 860
931 558 861
932 30 835
932 517 834
933 237 999
933 653 998
934 825 588
934 836 587
935 540 963
935 831 962
936 562 106
936 588 105
937 476 469
938 587 217
939 687 659
939 901 658
940 331 267
940 779 268
941 484 44
941 580 43
942 407 295
942 671 294
943 298 258
943 419 259
944 169 158
944 471 159
945 421 911
945 513 912
946 246 350
946 376 349
947 453 514
947 548 515
948 531 189
948 777 190
949 182 965
949 540 964
95 8 755
950 418 585
950 816 584
951 746 233
951 769 234
952 666 707
952 728 708
953 318 802
953 850 803
954 401 207
954 862 206
955 206 579
955 642 578
956 721 345
956 823 344
957 143 272
957 162 271
958 336 211
958 584 210
959 104 385
959 893 386
960 41 282
960 771 281
961 921 196
962 291 255
962 392 256
963 756 194
963 961 195
964 517 833
965 389 488
965 422 487
966 106 981
966 439 980
967 338 704
967 523 703
968 465 277
968 874 276
969 144 971
969 698 970
970 828 831
970 964 832
971 490 353
971 541 352
972 254 983
972 652 984
973 631 467
973 937 468
974 198 325
974 778 324
975 314 448
975 435 449
976 415 537
976 500 536
977 378 54
977 884 53
978 686 372
978 760 371
979 302 518
979 585 519
980 155 582
980 349 581
981 465 278
982 473 590
982 915 591
983 168 854
983 51 855
984 771 280
984 981 279
985 437 366
985 772 367
986 370 265
986 534 264
987 574 781
987 614 780
988 193 757
988 633 758
989 268 228
989 720 227
990 341 63
990 867 64
991 181 15
991 719 16
992 143 273
992 194 274
993 422 486
993 606 485
994 475 112
994 713 111
995 661 700
995 70 701
996 276 504
996 715 503
997 122 604
997 583 605
998 491 251
998 521 250
999 732 215
999 938 216
