1000 560 604
1000 942 605
1001 403 494
1001 999 495
1002 905 904
1002 997 905
1003 999 496
1004 304 626
1007 383 838
1007 834 839
1008 796 326
1008 962 327
1009 976 853
1010 259 325
1010 410 324
1012 617 290
1013 691 612
1014 16 29
1014 26 28
1015 460 525
1016 498 317
1017 231 10
1017 662 11
1018 231 9
1020 53 254
1022 355 67
1023 829 899
1024 983 283
1025 972 991
1026 885 543
1027 701 556
1027 773 557
1028 327 433
1029 247 238
1030 443 814
1031 370 328
1031 821 329
1032 208 182
1034 321 162
1034 927 161
1035 734 892
1037 1036 295
1037 899 296
1038 418 867
1039 358 132
1040 261 786
1040 730 785
1043 122 298
1043 86 297
1044 268 549
1044 689 550
1046 23 603
1047 254 828
1047 865 829
1048 808 886
1050 1021 945
1050 705 944
1051 651 269
1052 12 968
1052 30 969
1053 756 978
1054 892 516
1055 779 177
1056 330 999
1057 245 599
1057 672 600
1058 751 817
1060 111 106
1061 848 246
1062 414 638
1062 980 637
1064 533 720
1065 831 664
1065 900 663
1067 62 266
1067 706 265
1068 978 923
1068 991 922
1069 418 866
1070 110 340
1070 833 339
1073 77 909
1073 981 910
1074 173 809
1075 795 43
1076 634 235
1077 684 995
1079 881 497
1079 979 496
1080 25 98
1081 344 974
1081 709 973
1082 643 744
1082 870 743
1087 131 701
1087 189 700
1088 393 403
1089 117 767
1089 149 768
1090 333 976
1090 344 975
1091 315 740
1092 784 773
1094 621 191
1095 825 420
1096 602 470
1096 71 469
1097 909 343
1098 286 736
1099 966 592
1100 284 394
1100 598 395
1102 185 103
1102 918 102
1103 586 295
1104 203 454
1105 873 652
1106 257 78
1106 901 79
1107 546 575
1107 7 576
1109 1045 671
1110 352 351
1111 648 299
1113 223 955
1113 240 954
1114 964 973
1115 525 221
1117 287 407
1118 1104 453
1118 714 452
1119 267 539
1120 958 129
1121 1018 8
1121 836 7
1122 270 213
1122 306 212
1123 599 183
1123 856 184
1124 471 746
1124 643 745
1125 456 49
1126 343 895
1126 675 894
1127 13 355
1127 227 354
1128 255 283
1129 161 659
1130 1004 627
1130 549 628
1132 494 15
1133 527 839
1135 652 721
1135 70 722
1136 169 957
1136 917 958
1137 39 452
1137 775 453
1138 46 688
1140 1115 222
1141 1035 891
1142 645 381
1145 1086 762
1145 74 761
1146 22 579
1147 539 120
1148 449 120
1149 128 165
1149 175 166
1151 479 28
1151 499 29
1153 468 383
1153 511 384
1156 212 528
1157 699 53
1159 101 621
1159 310 622
1160 100 807
1160 989 808
1161 943 412
1162 80 882
1163 363 919
1164 1114 972
1166 661 500
1167 151 292
1167 364 291
1168 700 870
1169 453 463
1170 644 391
1170 879 390
1171 483 996
1172 757 144
1173 433 773
1173 476 772
1174 147 756
1174 855 755
1175 184 964
1176 49 821
1177 981 911
1178 1026 544
1178 982 545
1180 336 85
1181 434 611
1182 120 54
1183 424 242
1184 182 215
1184 270 214
1185 221 966
1185 561 965
1186 423 755
1186 574 756
1187 347 916
1187 875 915
1188 1093 114
1188 910 115
1190 1116 209
1190 407 208
1191 21 61
1192 141 896
1192 198 895
1193 35 860
1194 563 729
1194 954 730
1195 699 52
1196 599 182
1196 781 181
1198 190 278
1198 702 279
1199 914 375
1200 284 393
1200 644 392
1201 1108 148
1201 266 147
1202 548 532
1203 1042 108
1203 111 107
1204 637 373
1205 674 202
1206 1071 878
1207 494 14
1207 971 13
1208 753 789
1209 1132 16
1209 787 17
121 20 375
1210 510 473
1210 570 472
1211 276 40
1212 6 581
1213 1063 851
1214 965 420
1215 269 677
1215 524 678
1216 741 347
1216 874 348
1217 519 665
1220 260 752
1221 42 844
1222 14 378
1223 256 82
1224 397 723
1225 647 378
1226 781 180
1227 1213 852
1228 327 434
1229 351 348
1229 894 347
1230 1129 660
1231 850 562
1231 946 561
1233 1054 515
1233 1189 514
1234 102 533
1234 152 534
1235 1049 356
1236 1202 533
1236 886 534
1237 413 889
1238 581 511
1239 153 801
1239 720 800
1240 1061 247
1240 854 248
1241 587 748
1242 462 662
1244 782 309
1245 806 418
1245 825 419
1246 664 214
1246 87 215
1247 237 400
1248 43 9
1248 89 10
1249 345 589
125 52 266
1250 428 690
1250 46 689
1251 241 842
1251 93 841
1254 3 738
1254 704 739
1255 945 707
1256 328 231
1257 845 232
1257 977 231
1258 1199 376
1258 1225 377
1259 107 642
1260 521 19
1261 1253 491
1262 474 752
1263 21 60
1264 313 777
1264 992 778
1265 891 861
1266 1072 876
1266 1206 877
1267 1128 284
1267 440 285
1269 467 558
1270 1182 53
1270 163 52
1271 650 941
1271 660 942
1272 707 235
1272 935 234
1273 179 194
1274 484 155
1276 1021 946
1278 485 864
1278 580 863
1279 249 226
1280 1244 308
1281 951 171
1282 712 696
1282 733 695
1283 158 834
1283 880 835
1285 144 430
1285 936 429
1286 222 101
1287 401 678
1288 524 679
1289 19 391
1289 51 392
1291 140 257
1291 811 258
1292 1095 421
1292 412 422
1293 753 790
1294 802 15
1295 452 510
1295 929 511
1296 18 614
1296 691 613
1297 1221 843
1298 162 17
1299 1226 179
1299 84 178
1300 578 855
1300 976 854
1301 1015 524
1301 941 523
1302 918 101
1303 412 423
1304 378 936
1305 516 794
1306 135 475
1307 684 996
1308 14 377
1308 20 376
1309 641 25
1309 867 24
1310 396 314
1311 1212 582
1312 1256 232
1312 228 233
1313 613 24
1313 953 25
1314 1249 588
1314 193 587
1315 31 732
1316 1150 440
1317 246 949
1317 724 950
1318 62 267
1319 1298 18
1320 1284 369
1320 832 370
1321 1220 751
1321 595 750
1322 1189 513
1322 929 512
1323 840 92
1324 603 626
1325 498 318
1325 925 319
1326 458 821
1326 950 820
1327 1006 566
1327 339 565
1328 888 345
1328 894 346
1330 1059 381
1330 468 382
1331 1268 977
1332 625 248
1333 1204 372
1334 196 695
1336 4 499
1336 881 498
1337 993 503
1338 503 727
1338 563 728
1339 82 253
134 122 299
1340 529 701
1341 267 540
1342 177 303
1342 793 304
1343 1134 898
1345 389 427
1346 1085 458
1346 959 457
1347 353 384
1348 1109 670
1350 229 729
1351 816 142
1352 512 63
1353 1110 352
1353 33 353
1354 1232 78
1354 530 79
1355 556 939
1355 650 940
1356 1086 763
1357 133 469
1358 1290 673
1358 823 674
1359 1023 900
1359 611 901
1360 1078 483
1360 164 484
1361 1133 838
1361 496 837
1362 508 692
1363 186 797
1363 931 796
1364 574 757
1364 797 758
1367 1042 109
1368 464 152
1369 472 446
1369 883 447
137 101 620
137 90 619
1370 1003 497
1371 1286 100
1371 243 99
1373 1316 439
1374 311 564
1374 630 565
1375 752 949
1376 154 37
1377 1281 172
1377 777 173
1378 1117 408
1379 1179 814
1379 820 815
1380 242 444
1381 1329 482
1382 1217 664
1382 462 663
1383 1228 435
1383 841 436
1384 1103 294
1384 219 293
1385 143 607
1386 1165 650
1386 492 649
1387 304 625
1388 232 875
1388 573 874
1389 121 374
1389 749 373
139 45 657
1390 489 134
1390 654 133
1391 373 585
1391 934 586
1392 253 954
1393 505 34
1394 1232 77
1394 155 76
1396 1329 483
1397 423 754
1397 474 753
1398 287 406
1399 1380 445
1399 67 446
1400 715 670
1401 526 127
1402 1143 891
1402 1237 890
1403 1208 788
1403 566 787
1404 579 715
1405 1276 947
1405 246 948
1406 187 412
1409 1012 289
1409 392 288
1410 1049 357
1411 785 156
1412 517 43
1413 1046 604
1414 154 36
1415 273 902
1416 309 961
1417 995 175
1418 1235 355
1418 33 354
1419 973 797
1420 1331 978
1420 916 979
1421 361 486
1422 1408 925
1423 744 70
1423 83 71
1424 978 924
1425 416 197
1426 974 506
1427 1219 367
1427 1284 368
1429 44 476
1430 1415 901
1431 1419 796
1431 516 795
1432 764 732
1433 1297 842
1434 1 873
1435 1410 358
1435 653 359
1436 475 90
1437 161 658
1438 830 521
1439 1030 815
1439 1058 816
1441 1334 694
1441 1362 693
1442 795 44
1444 1071 879
1444 908 880
1445 319 818
1446 302 199
1446 416 198
1447 1172 145
1447 266 146
1449 780 877
145 67 447
1450 83 72
1451 1417 174
1452 1211 39
1452 1376 38
1453 182 216
1453 718 217
1454 809 806
1454 882 805
1455 1066 303
1456 1152 449
1456 145 448
1457 945 706
1458 265 831
1458 865 830
1459 260 753
1459 855 754
1460 1268 976
1461 1009 852
1461 1365 851
1462 1169 462
1463 1306 474
1463 451 473
1464 1165 651
1465 1219 366
1466 420 630
1467 211 711
1467 896 712
1468 1464 652
1468 205 653
147 95 757
1470 1437 657
1471 923 362
1472 1166 499
1472 1370 498
1473 1077 994
1473 827 993
1474 1263 59
1476 1025 990
1476 9 989
1477 1411 157
1479 1311 583
1480 69 629
1480 75 630
1481 197 74
1482 1262 751
1482 794 750
1483 514 223
1484 113 270
1484 38 271
1485 875 914
1486 613 23
1487 957 424
1488 36 397
1488 377 398
1489 1214 419
1489 329 418
1490 1142 380
1490 1222 379
1491 1154 623
1491 1448 622
1492 399 576
1492 609 575
1493 170 122
1493 449 121
1494 380 49
1494 680 50
1495 577 525
1496 302 200
1496 674 201
1497 1039 133
1497 853 134
1498 258 239
1498 657 240
1499 576 794
1500 1041 263
1500 706 264
1501 904 922
1502 782 310
1503 142 648
1504 557 274
1504 887 273
1505 365 124
1505 385 125
1506 1084 440
1506 606 439
1507 342 812
1507 862 811
1508 1343 897
1508 343 896
1509 1154 624
1509 603 625
1511 1424 925
1511 518 926
1512 751 818
1512 950 819
1513 384 825
1513 668 826
1514 1315 733
1514 786 734
1515 180 175
1515 777 174
1516 1253 490
1517 1477 158
1517 54 159
1518 470 337
1519 386 32
1519 736 31
1520 214 436
1520 988 435
1521 1139 359
1522 183 463
1522 601 464
1523 1393 35
1523 174 36
1524 612 667
1524 915 668
1525 1440 981
1525 916 980
1526 348 245
1527 1032 181
1527 1395 180
1528 1475 914
1528 312 915
1529 24 919
1530 280 857
1530 968 856
1531 235 237
1531 258 238
1532 1440 982
1532 547 983
1533 1075 42
1533 276 41
1534 1101 263
1534 435 262
1535 250 106
1535 454 105
1536 1179 813
1536 697 812
1537 1341 541
1537 885 542
1538 112 203
1538 200 202
1539 1406 411
1540 1429 475
1540 510 474
1541 906 635
1542 132 242
1543 1175 963
1543 1416 962
1544 478 988
1544 739 989
1545 105 826
1545 406 825
1546 1176 822
1546 332 823
1547 807 22
1547 867 23
1548 1518 336
1549 1083 196
1549 179 195
1550 1486 22
1551 1265 860
1552 391 225
1553 492 648
1554 848 245
1555 119 928
1556 1091 741
1556 649 742
1557 183 462
1558 242 443
1559 1436 91
1559 202 92
1560 798 761
1560 963 762
1561 1551 859
1561 359 858
1562 1163 918
1562 347 917
1563 1045 672
1563 506 673
1564 1277 415
1565 1413 605
1565 143 606
1566 668 827
1567 1022 66
1567 473 65
1568 220 782
1568 450 781
1569 1478 310
1569 725 311
1570 303 136
1570 853 135
1571 1345 426
1572 313 776
1573 597 455
1573 678 456
1575 1366 880
1575 171 881
1576 1347 383
1576 645 382
1577 1088 404
1577 1398 405
1578 447 491
1578 857 492
1579 1557 461
1580 1414 35
1581 1238 512
1582 42 845
1584 1048 885
1584 551 884
1585 1385 608
1585 1583 609
1586 1243 638
1586 731 639
1587 1481 73
1588 1305 793
1589 837 12
159 43 8
1590 1138 687
1590 1158 686
1591 219 292
1591 617 291
1592 1396 484
1592 1421 485
1593 1294 14
1593 1589 13
1594 217 56
1595 123 572
1595 356 571
1596 340 768
1597 849 251
1598 213 690
1598 508 691
1599 1269 559
1599 627 560
1600 1056 998
1600 483 997
1601 1011 936
1601 767 935
1602 1099 593
1603 1470 656
1604 422 40
1604 928 39
1605 1594 57
1606 11 343
1606 888 344
1607 1333 371
1607 622 370
1608 252 780
1608 992 779
1609 41 149
1609 91 148
1610 1428 970
1611 1024 284
1611 1344 285
1612 1020 253
1612 1597 252
1613 760 333
1614 34 600
1614 408 601
1615 1407 704
1615 1457 705
1616 493 186
1616 856 185
1617 117 766
1618 469 933
1619 167 981
1619 367 982
1620 159 7
1621 1143 892
1621 747 893
1622 1455 304
1622 763 305
1623 1033 683
1623 713 682
1624 1372 109
1624 990 108
1625 1442 45
1625 278 46
1626 877 946
1627 1053 979
1627 167 980
1628 1487 423
1628 379 422
1629 562 744
1629 649 743
1630 144 431
1631 1144 112
1632 1134 899
1632 1430 900
1633 1139 358
1634 1596 769
1634 588 770
1635 1019 321
1635 925 320
1636 871 711
1637 240 953
1637 421 952
1639 1181 612
1639 735 613
1640 259 326
1640 370 327
1641 575 324
1641 796 325
1642 1144 111
1642 1367 110
1644 1171 995
1645 1155 365
1645 285 366
1646 113 269
1646 1318 268
1647 1340 702
1647 1407 703
1648 345 590
1648 966 591
1649 1274 154
1649 464 153
165 85 641
1650 215 89
1650 686 88
1651 485 865
1651 633 866
1652 181 683
1653 1161 413
1653 926 414
1654 698 60
1655 306 211
1656 1101 264
1656 52 265
1657 1451 173
1657 948 172
1658 1303 424
1658 1571 425
1659 278 47
1659 456 48
1660 846 930
1661 1094 190
1661 711 189
1662 150 509
1662 59 508
1663 1448 621
1664 366 64
1665 1033 684
1665 1158 685
1666 188 698
1666 58 697
1667 152 535
1667 558 536
1668 1280 307
1669 1141 890
1669 663 889
1671 63 645
1672 1247 401
1672 393 402
1673 296 281
1673 983 282
1674 114 321
1674 206 322
1675 1275 126
1675 251 125
1676 1408 924
1676 1501 923
1677 374 289
1678 665 718
1678 738 717
1680 737 784
1680 812 783
1681 1108 149
1682 1255 708
1682 402 709
1683 720 799
1683 973 798
1685 1029 239
1685 996 240
1686 1529 918
1686 960 917
1687 1428 969
1687 1679 968
1688 1191 62
1688 1664 63
1689 199 952
1689 553 951
1690 997 906
1691 288 164
1691 321 163
1692 1131 552
1692 1684 553
1693 947 520
1694 1279 225
1694 514 224
1695 1168 869
1695 225 868
1696 554 217
1697 268 548
1698 1636 712
1699 1259 641
1699 731 640
1700 149 769
1700 646 770
1701 1465 365
1701 234 364
1702 1581 513
1702 607 514
1703 1074 808
1703 809 807
1704 1051 268
1704 125 267
1705 378 937
1705 556 938
1706 1324 627
1706 69 628
1707 1401 128
1707 536 129
1708 1116 210
1708 126 211
1709 53 255
1709 868 256
1710 1356 764
1710 1617 765
1711 1638 705
1712 1223 83
1712 336 84
1713 1275 127
1713 958 128
1714 1693 521
1714 941 522
1715 1495 524
1715 847 523
1716 1375 948
1716 877 947
1717 726 693
1718 1092 772
1718 646 771
1719 1164 971
1719 30 970
1720 1205 203
1721 1063 850
1722 157 885
1722 316 886
1723 577 526
1724 623 199
1725 911 960
1725 917 959
1726 489 135
1727 1277 416
1727 329 417
1728 968 855
1729 1084 441
1729 1558 442
1730 823 675
1731 501 594
1731 594 593
1732 376 570
1732 605 569
1733 1177 912
1733 1475 913
1734 1218 597
1734 600 596
1736 1072 875
1736 1434 874
1737 1352 62
1737 1654 61
1738 1381 481
1738 890 480
1739 139 656
1739 156 655
1741 803 56
1742 1483 222
1743 55 698
1743 712 697
1744 1422 926
1744 1555 927
1745 1474 58
1745 803 57
1746 1307 997
1746 814 998
1747 1471 361
1747 1521 360
1748 24 920
1748 904 921
1749 119 929
1750 1690 907
1750 98 908
1751 1252 194
1751 209 193
1752 988 434
1753 828 834
1753 985 835
1754 1469 518
1754 771 517
1755 1503 649
1756 323 88
1756 475 89
1757 1582 846
1758 663 888
1758 808 887
1759 384 824
1759 395 823
1760 1066 302
1761 1726 136
1761 192 137
1762 1097 342
1762 110 341
1763 529 700
1763 55 699
1764 1542 243
1764 1554 244
1765 128 164
1766 1140 223
1766 1552 224
1767 1378 409
1767 1539 410
1768 480 559
1768 946 560
1769 1502 311
1770 873 653
1771 85 642
1772 1631 113
1772 921 114
1773 616 161
1773 949 160
1774 518 927
1775 1580 34
1775 386 33
1776 1112 139
1776 783 138
1777 1479 584
1777 308 585
1778 940 725
1779 1287 677
1779 1730 676
1780 1774 928
1780 846 929
1781 1183 243
1781 1526 244
1782 723 741
1782 870 742
1783 1078 482
1783 56 481
1784 1323 91
1784 215 90
1785 1610 971
1785 709 972
1786 1655 210
1786 432 209
1788 1373 438
1788 214 437
1789 1005 444
1789 472 445
1790 1460 975
1790 964 974
1791 1412 44
1791 540 45
1792 1304 935
1792 469 934
1793 322 486
1793 425 487
1794 862 810
1794 989 809
1795 1083 197
1795 1724 198
1796 1749 930
1796 457 931
1797 1516 489
1797 425 488
1798 115 707
1798 1711 706
1799 544 75
1800 1438 520
1800 1469 519
1801 1771 643
1801 835 644
1802 186 798
1802 47 799
1803 1111 298
1803 899 297
1804 1620 6
1804 1787 5
1805 1218 598
1805 34 599
1806 766 428
1806 842 427
1807 1368 151
1807 1681 150
1808 134 300
1808 1760 301
1809 1387 624
1809 310 623
1810 1717 692
1810 428 691
1811 160 666
1811 758 667
1812 1548 335
1812 1613 334
1813 13 356
1813 1633 357
1814 1147 119
1814 776 118
1815 1227 853
1815 1728 854
1816 542 848
1817 1131 551
1817 898 550
1819 1510 775
1819 433 774
1820 481 489
1820 626 488
1821 1288 680
1821 713 681
1822 1433 841
1822 834 840
1823 238 410
1823 943 411
1824 1630 432
1824 1752 433
1825 439 831
1825 717 830
1826 227 353
1827 1085 459
1827 1579 460
1828 1252 195
1828 1425 196
1829 1180 86
1829 323 87
1830 1069 865
1830 740 864
1831 1310 313
1831 1769 312
1832 272 725
1832 277 724
1833 372 552
1834 1478 309
1834 394 308
1835 1273 193
1835 696 192
1836 1462 461
1836 655 460
1837 1011 937
1837 522 938
1838 356 570
1839 1059 380
1839 647 379
1840 1778 726
1841 289 337
1841 334 338
1842 693 259
1843 1146 578
1843 7 577
1844 1350 728
1844 1840 727
1845 1366 879
1845 1449 878
1846 531 388
1846 65 387
1847 192 138
1847 28 139
1848 844 791
1849 749 372
1849 832 371
1850 1365 850
1850 1816 849
1851 1572 775
1851 784 774
1852 1019 322
1852 410 323
1853 659 573
1853 860 572
1854 337 229
1854 938 228
1855 1833 553
1856 1357 468
1856 233 467
1857 1335 71
1857 1587 72
1858 922 157
1859 1670 103
1859 222 102
1860 1344 286
1860 392 287
1861 1602 594
1861 600 595
1862 1574 539
1862 88 538
1863 29 478
1863 890 479
1864 1696 218
1864 400 219
1865 695 97
1866 1242 661
1866 608 660
1867 1757 847
1868 283 632
1868 75 631
1869 1243 637
1869 509 636
1870 926 415
1871 1564 414
1871 187 413
1872 1241 747
1872 772 746
1873 417 5
1873 819 4
1874 142 647
1874 168 646
1875 1450 73
1875 1799 74
1876 1005 443
1877 1826 352
1877 291 351
1878 813 386
1879 1698 713
1880 619 317
1880 984 316
1881 604 766
1881 759 765
1882 1735 567
1882 630 566
1883 1574 540
1883 801 541
1884 1230 661
1884 900 662
1885 1865 96
1885 445 95
1886 354 596
1886 513 597
1887 1510 776
1887 463 777
1888 1372 110
1888 632 111
1889 477 583
1889 805 582
189 188 699
1890 300 529
1891 11 342
1891 745 341
1892 1093 113
1892 632 112
1893 1036 294
1893 151 293
1894 1155 364
1894 1443 363
1895 1125 50
1895 1195 51
1896 1643 578
1896 399 577
1897 1119 538
1897 405 537
1898 1098 737
1898 99 738
1899 446 544
1899 550 543
1900 1618 932
1900 1660 931
1901 1541 634
1901 283 633
1902 487 618
1903 1392 955
1903 932 956
1904 299 274
1904 708 273
1905 1016 316
1905 396 315
1906 371 394
1906 51 393
1907 1148 119
1907 172 118
1908 1335 70
1908 335 69
1909 1605 58
1909 698 59
191 174 37
1910 1319 19
1910 690 20
1911 1157 54
1911 1741 55
1912 1055 178
1912 1395 179
1913 640 206
1913 810 205
1914 116 943
1914 799 942
1915 791 403
1915 998 402
1916 1879 714
1916 437 715
1917 1432 733
1917 790 734
1918 104 479
1918 56 480
1919 1064 721
1919 1224 722
1920 1684 554
1920 1740 555
1921 1445 817
1921 820 816
1922 1652 682
1922 293 681
1923 1566 828
1923 717 829
1924 1150 441
1924 1876 442
1925 362 186
1925 66 185
1926 1038 868
1926 148 869
1927 297 616
1927 64 617
1928 1013 611
1928 1583 610
1929 1112 140
1929 1351 141
1930 1197 3
1930 1787 4
1931 1723 527
1931 1890 528
1932 1466 631
1932 1818 632
1933 17 279
1933 565 278
1934 1638 704
1935 1742 221
1935 400 220
1936 1426 507
1936 670 508
1937 543 368
1937 622 369
1938 172 117
1938 910 116
1939 404 958
1939 932 957
1940 1485 913
1940 495 912
1941 491 803
1941 716 802
1942 129 736
1942 3 737
1943 1720 204
1943 635 205
1944 136 361
1944 1443 362
1945 1293 791
1945 1588 792
1946 1858 158
1946 949 159
1947 1197 2
1947 682 1
1948 1162 883
1948 157 884
1949 59 507
1949 94 506
195 165 640
1950 1156 529
1950 638 530
1951 1337 504
1951 94 505
1952 236 32
1952 505 33
1953 1348 669
1953 758 668
1954 1603 655
1954 1770 654
1955 1152 450
1955 39 451
1956 1028 432
1956 956 431
1957 212 527
1957 460 526
1958 1679 967
1958 694 966
1959 1855 554
1959 701 555
196 58 696
1960 131 702
1960 1934 703
1961 1105 651
1961 1755 650
1962 566 786
1962 737 785
1963 1349 251
1963 82 252
1964 1643 579
1964 201 580
1965 116 944
1965 1626 945
1966 1677 288
1966 387 287
1967 175 167
1967 68 168
1968 1697 547
1968 982 546
1969 442 779
1969 450 780
197 155 75
1970 1878 387
1970 79 388
1971 1120 130
1971 118 131
1972 178 345
1972 741 346
1973 1735 568
1973 1838 569
1974 1663 620
1974 1902 619
1975 1721 849
1975 1867 848
1976 1765 163
1976 616 162
1977 1041 262
1977 218 261
1978 1404 714
1978 896 713
1979 1339 254
1979 368 255
1980 1668 306
1980 793 305
1981 1842 258
1981 868 257
1982 2 789
1982 844 790
1983 1080 99
1983 1302 100
1984 1499 793
1984 1848 792
1985 1553 647
1985 1671 646
1986 1740 556
1986 467 557
1987 1290 672
1987 1400 671
1988 1260 20
1988 1550 21
1989 1060 105
1989 1670 104
1990 1818 633
1990 317 634
1991 1076 236
1991 247 237
1992 1193 859
1992 280 858
1993 1332 249
1993 1349 250
1994 27 590
1994 770 591
1995 1261 492
1995 403 493
1996 1870 416
1996 806 417
1997 1006 567
1997 605 568
1998 1644 994
1998 866 993
1999 229 730
1999 31 731
2000 390 872
2000 573 873
203 138 455
204 103 748
205 156 654
210 171 882
211 92 710
217 120 55
22 6 580
221 12 967
223 169 956
230 28 140
244 100 806
248 47 800
251 73 124
253 199 953
254 105 827
263 76 82
264 141 897
274 36 396
275 60 502
275 97 503
277 70 723
279 71 468
289 32 336
292 81 329
294 18 615
295 244 805
296 17 280
298 238 409
300 109 530
301 91 147
305 25 97
308 193 586
315 99 739
318 224 260
319 8 819
320 298 408
322 164 485
324 305 96
325 255 282
326 78 86
330 282 1000
338 173 810
346 293 680
349 40 170
349 68 169
350 1 872
355 335 68
357 256 81
363 194 920
365 170 123
366 5 65
368 140 256
371 274 395
374 364 290
377 237 399
382 15 718
388 301 146
401 346 679
406 332 824
408 48 602
409 176 986
411 325 281
414 195 639
415 367 983
419 23 602
426 339 564
429 2 788
429 261 787
430 271 271
435 318 261
436 84 177
438 292 330
440 387 286
441 394 307
443 342 813
444 216 466
444 279 467
454 185 104
455 158 833
455 265 832
458 395 822
459 309 960
459 404 959
461 362 187
463 442 778
466 439 832
471 103 747
477 373 584
478 409 987
479 307 27
481 447 490
482 72 122
482 73 123
486 230 141
488 269 676
488 290 675
49 8 820
490 45 658
491 295 804
493 360 187
497 369 903
497 375 904
50 19 390
501 354 595
502 41 150
503 272 726
504 451 472
506 290 674
507 77 908
509 317 635
512 473 64
513 245 598
515 166 963
515 314 962
520 431 153
520 57 154
523 431 152
523 502 151
526 385 126
527 93 840
528 102 532
530 357 80
531 50 389
532 148 870
532 390 871
534 359 857
535 334 339
537 123 573
539 72 121
540 207 46
543 285 367
545 348 246
546 537 574
548 109 531
549 420 629
551 210 883
552 263 83
554 87 216
555 320 407
557 146 275
558 88 537
559 294 616
559 487 617
560 48 603
561 166 964
564 208 183
564 66 184
568 405 536
569 127 219
569 525 220
572 181 684
575 206 323
578 534 856
581 150 510
582 282 1000
583 453 464
584 207 47
584 380 48
585 177 302
585 398 301
586 86 296
588 476 771
589 262 562
589 426 563
590 507 907
591 27 589
592 358 131
592 536 130
593 288 165
595 204 749
598 448 396
601 216 465
602 570 471
604 340 767
606 130 438
608 490 659
610 297 615
611 369 902
612 519 666
614 500 687
619 596 318
620 445 94
621 209 192
624 381 190
625 545 247
626 361 487
627 262 561
628 382 717
628 579 716
629 220 783
633 225 867
634 228 234
636 572 685
636 614 686
638 528 531
639 352 350
640 407 207
648 398 300
651 430 270
653 136 360
654 118 132
655 37 459
657 132 241
658 331 607
659 609 574
665 533 719
666 391 226
669 97 504
670 452 509
671 115 708
671 92 709
672 419 601
673 438 331
676 153 802
677 422 41
677 517 42
679 360 188
679 624 189
680 163 51
682 567 1
683 202 93
685 108 398
685 448 397
686 78 87
687 607 515
688 10 759
688 95 758
689 372 551
693 218 260
694 184 965
695 243 98
696 381 191
697 338 811
700 350 871
702 411 280
705 660 943
707 235 236
708 38 272
710 522 939
711 461 188
714 226 451
716 248 801
718 127 218
719 547 984
721 591 588
722 9 988
722 96 987
723 704 740
724 421 951
725 465 312
727 375 905
727 590 906
728 108 399
728 341 400
729 104 478
729 44 477
730 629 784
732 236 31
732 499 30
733 726 694
734 675 893
735 610 614
736 16 30
738 437 716
740 667 863
742 432 208
743 565 277
745 535 340
746 200 201
746 623 200
747 198 894
748 427 991
748 739 990
752 553 950
754 74 760
755 107 643
755 63 644
756 333 977
759 124 764
76 61 81
760 673 332
761 98 909
762 133 470
762 504 471
763 441 306
765 703 169
766 281 429
768 114 320
768 596 319
769 719 985
769 96 986
770 594 592
771 687 516
772 562 745
773 480 558
774 593 166
775 597 454
778 146 276
778 190 277
779 180 176
780 232 876
783 303 137
785 57 155
786 129 735
787 521 18
788 767 934
789 106 334
789 32 335
790 286 735
791 692 404
792 446 545
792 681 546
794 587 749
797 754 759
798 10 760
800 635 206
800 742 207
801 550 542
802 162 16
804 226 450
805 201 581
807 690 21
810 112 204
811 224 259
813 511 385
814 582 999
815 353 385
815 65 386
816 757 143
817 383 837
818 661 501
822 331 608
824 257 77
824 544 76
826 656 331
826 821 330
827 427 992
828 466 833
829 264 898
831 160 665
833 470 338
835 168 645
836 417 6
837 89 11
838 135 476
838 29 477
839 631 518
840 620 93
841 130 437
842 571 426
843 326 85
843 552 84
847 830 522
849 538 250
850 311 563
851 252 781
851 812 782
852 26 27
852 641 26
854 538 249
857 239 493
858 434 610
858 822 609
859 555 406
859 692 405
860 376 571
861 710 940
861 799 941
863 291 350
863 351 349
864 5 66
864 642 67
869 316 887
869 413 888
871 402 710
872 233 466
872 583 465
874 639 349
876 106 333
876 656 332
878 324 95
878 683 94
879 79 389
880 496 836
884 542 847
886 568 535
887 271 272
889 804 449
889 883 448
891 667 862
892 839 517
893 15 719
893 652 720
895 457 932
895 788 933
897 495 911
897 761 910
90 64 618
901 61 80
902 239 494
903 465 313
903 750 314
905 273 903
907 126 212
907 664 213
908 80 881
909 178 344
911 314 961
912 388 145
913 912 144
914 637 374
915 715 669
919 567 2
919 819 3
920 328 230
920 541 229
921 618 115
922 484 156
923 234 363
924 35 861
924 580 862
927 54 160
928 191 38
930 213 689
930 500 688
931 576 795
933 898 549
934 721 587
935 845 233
936 389 428
937 765 168
937 774 167
938 666 227
939 486 142
939 913 143
940 397 724
942 658 606
944 176 985
944 415 984
947 631 519
948 40 171
951 703 170
952 241 843
952 615 844
953 307 26
954 764 731
955 37 458
955 678 457
956 281 430
957 571 425
959 138 456
960 312 916
961 249 227
961 541 228
962 81 328
963 124 763
965 379 421
967 615 845
967 884 846
969 4 500
969 60 501
970 618 116
970 776 117
971 662 12
972 866 992
974 669 505
975 681 547
975 933 548
977 337 230
979 902 495
980 906 636
984 750 315
985 817 836
986 299 275
986 743 276
987 676 803
987 882 804
990 250 107
991 194 921
993 818 502
994 642 68
994 744 69
995 436 176
996 424 241
998 341 401
