105 59 232
111 28 465
121 8 634
124 120 341
124 18 512
128 119 909
132 56 285
134 39 808
136 80 479
143 29 732
144 35 81
147 91 574
148 81 250
149 40 708
158 72 614
160 8 708
161 39 288
163 34 454
165 14 71
165 56 142
166 50 841
17 9 93
172 99 94
173 1 157
174 10 480
175 91 984
176 94 246
177 151 423
179 170 507
181 130 704
185 44 984
185 5 157
185 81 184
186 68 302
188 81 983
190 165 954
192 9 982
193 112 922
195 79 211
196 180 840
204 102 418
205 181 838
206 202 268
208 202 335
209 203 698
210 105 815
215 33 981
216 200 541
220 130 794
221 127 779
222 31 388
226 26 177
227 163 818
229 37 96
231 182 565
233 206 685
234 212 342
235 181 828
235 183 171
240 164 179
241 1 845
243 235 568
244 230 253
247 130 173
248 15 539
248 217 376
249 94 97
251 238 826
252 146 759
252 235 722
252 5 365
255 16 976
257 43 517
260 40 661
261 109 22
262 93 206
265 50 160
266 36 905
267 217 164
268 139 34
269 159 966
269 95 717
271 73 564
276 19 935
276 67 916
277 159 247
278 131 373
278 146 296
278 271 38
278 85 368
279 260 68
280 31 922
281 235 130
283 218 331
284 170 81
286 101 241
286 155 374
286 202 206
286 24 391
286 96 223
287 286 606
289 69 800
292 5 106
292 71 186
293 250 372
293 29 664
294 155 695
302 146 991
304 290 965
308 253 965
309 242 480
309 65 65
311 100 986
311 202 259
311 5 282
312 146 287
313 134 961
315 279 459
32 22 165
320 148 433
321 62 295
323 202 429
323 38 245
324 202 752
325 108 509
327 75 679
328 175 92
330 114 674
330 23 598
330 92 730
331 295 921
332 119 607
334 29 191
337 217 648
339 100 417
340 174 33
340 49 911
343 193 795
344 150 746
347 292 901
348 285 656
349 341 57
350 275 946
351 113 673
351 252 208
351 317 85
352 208 953
353 237 613
353 252 279
353 266 402
355 185 789
355 325 401
355 72 744
356 5 938
358 189 733
358 236 149
359 183 192
360 347 852
361 326 681
362 299 286
364 202 719
367 354 640
368 184 380
368 239 819
369 13 110
370 180 438
371 9 766
372 282 136
373 170 204
373 292 269
373 308 260
374 308 690
377 183 918
380 156 448
381 364 314
382 366 233
382 50 166
383 13 41
385 256 120
386 373 799
386 375 782
389 168 737
389 177 39
391 230 102
391 318 426
392 242 177
395 42 185
396 21 561
396 351 688
396 395 222
397 242 288
397 311 346
397 321 102
398 263 335
399 59 300
400 173 46
401 140 734
404 308 616
405 129 58
409 137 932
410 252 202
411 236 629
414 213 95
414 218 233
415 216 775
415 7 885
417 89 276
419 155 811
419 79 999
419 84 470
421 266 647
423 211 228
424 398 474
425 86 500
427 166 185
427 376 335
427 56 292
428 418 643
43 35 402
430 250 612
432 120 120
432 349 215
434 359 330
435 177 603
435 187 930
435 311 350
435 63 911
437 1 45
437 48 10
438 25 886
438 254 875
439 193 649
439 388 587
439 397 282
439 9 236
440 177 992
441 25 166
444 162 661
445 334 850
445 34 905
446 212 897
446 373 209
447 119 430
447 164 120
447 216 685
447 252 753
448 133 196
448 27 784
448 426 567
448 427 170
448 76 915
450 185 837
451 262 407
451 448 618
454 159 11
455 333 339
455 443 792
456 72 263
458 22 406
459 339 352
462 398 107
464 370 356
465 78 227
466 159 943
468 260 134
469 310 211
469 34 494
469 351 612
469 423 191
471 324 541
472 154 865
472 206 327
474 408 514
474 460 562
475 339 270
477 284 215
478 54 73
478 61 196
480 118 489
480 275 471
480 337 322
480 97 50
481 125 364
481 324 930
482 203 15
482 246 18
482 336 111
482 358 703
482 359 791
483 56 447
483 89 228
484 182 47
484 20 15
484 432 98
488 177 534
489 277 894
490 94 738
491 246 585
492 150 14
492 255 482
493 442 392
493 83 640
494 135 696
494 218 238
494 449 145
496 184 306
496 218 272
496 52 151
497 307 236
497 40 37
498 299 124
499 224 166
499 252 211
499 497 276
500 348 962
501 58 175
502 353 483
503 214 454
504 167 472
504 288 496
504 498 56
505 171 232
505 292 614
506 109 59
508 381 362
510 448 848
510 463 85
510 80 498
511 257 408
512 333 737
512 346 364
513 368 677
516 38 799
517 150 285
518 45 320
519 233 498
520 305 852
521 143 851
522 296 787
522 481 417
525 257 267
525 445 333
526 403 889
527 469 599
529 258 957
529 336 3
530 496 351
531 155 384
532 293 127
533 370 852
534 334 285
535 308 15
537 396 679
537 422 561
537 94 796
539 301 587
539 90 98
541 320 823
542 494 963
543 131 368
543 229 830
544 440 663
544 452 156
545 221 728
547 115 775
547 137 665
547 230 11
547 357 41
547 515 832
548 502 475
549 505 874
550 157 870
550 2 83
550 5 625
550 69 921
551 295 318
551 298 190
551 524 639
552 534 973
553 183 499
553 470 716
554 354 633
554 394 358
554 551 139
555 174 312
555 486 25
556 506 906
557 219 267
557 266 417
557 322 931
557 457 455
558 146 627
558 215 950
559 240 944
561 476 33
562 384 42
562 406 880
562 482 208
563 1 311
563 117 145
564 240 940
564 429 538
564 495 331
565 119 987
566 220 655
566 232 408
567 435 503
568 163 193
569 130 704
569 416 977
571 245 944
571 46 196
571 512 40
572 169 85
572 286 94
573 41 616
574 139 923
574 339 982
575 59 861
576 34 262
576 467 130
577 140 108
578 170 341
579 336 696
579 53 337
58 34 994
580 316 149
580 77 471
581 126 143
581 372 99
581 96 920
582 364 951
584 505 956
585 286 954
586 140 659
586 292 939
586 509 990
587 153 319
588 75 513
589 184 280
590 216 736
591 422 584
592 5 363
593 303 879
594 403 709
595 402 275
596 106 820
596 129 184
596 364 628
597 543 888
598 81 424
599 277 367
599 438 279
599 476 856
600 436 938
600 83 625
601 562 170
602 479 382
603 380 311
604 106 412
605 131 93
606 273 298
606 415 873
607 105 133
607 137 869
607 292 758
607 61 213
608 405 939
609 487 491
610 536 143
611 380 903
611 393 238
612 142 545
613 403 324
613 462 589
614 182 450
615 123 321
615 130 195
615 91 561
616 329 252
616 75 333
617 127 750
617 140 664
617 479 778
618 413 884
618 514 833
619 206 550
620 238 208
620 56 803
621 385 263
622 289 894
622 363 760
622 51 672
624 497 533
626 293 789
627 476 791
628 225 144
628 252 957
629 207 575
629 389 704
630 167 450
631 538 285
632 495 350
633 184 809
633 297 889
634 198 387
634 385 834
634 94 153
635 544 541
636 109 297
636 158 185
638 164 391
639 345 654
639 412 970
640 370 783
640 453 419
640 86 224
641 275 526
642 291 37
642 515 400
643 552 364
644 157 2
645 242 319
645 4 538
646 221 410
647 116 189
647 606 231
648 409 708
648 583 275
649 338 293
650 218 250
650 498 167
650 57 222
650 586 128
651 353 960
651 387 733
651 437 654
651 595 82
652 99 904
653 223 619
653 85 9
654 177 893
655 257 70
656 44 111
657 274 517
657 6 893
658 428 6
658 505 466
659 319 114
659 619 339
659 625 538
66 34 438
660 311 64
661 617 512
661 637 502
661 82 237
662 205 847
663 420 847
664 101 204
665 128 244
666 407 960
667 39 32
667 528 142
668 94 744
668 98 465
669 204 735
670 365 814
670 60 293
670 669 660
671 22 56
672 422 352
672 461 564
673 174 792
673 379 372
673 412 527
673 433 493
673 464 234
673 474 54
673 497 177
674 474 458
675 427 918
675 613 459
676 107 351
676 299 487
676 335 566
677 152 970
677 537 765
679 308 671
68 25 36
680 277 794
680 351 873
680 432 252
680 611 939
680 663 385
681 14 415
681 546 827
682 581 49
684 138 403
684 259 298
684 94 476
685 162 196
685 456 733
685 518 464
687 446 432
687 573 707
688 422 288
689 202 678
690 540 369
690 680 149
691 110 832
691 470 441
691 657 849
692 185 558
692 26 742
692 580 588
693 314 956
693 507 851
694 236 378
694 305 907
694 473 149
695 543 166
696 499 798
696 616 811
696 669 430
697 116 762
697 431 929
697 5 90
698 288 834
698 649 860
699 272 858
699 631 163
70 5 773
700 657 117
701 100 941
702 106 619
703 70 326
704 30 852
705 103 959
705 222 244
705 607 389
705 683 414
705 686 667
705 8 556
706 557 199
707 502 687
709 197 543
709 544 149
710 427 975
710 666 587
710 87 481
710 88 919
711 516 785
712 343 151
713 191 290
713 389 691
713 512 831
713 652 608
714 286 495
715 498 507
716 670 803
718 492 29
718 55 241
718 669 750
719 465 915
720 458 585
720 47 642
720 717 404
721 75 817
722 114 936
723 300 205
725 141 815
725 194 321
725 434 602
725 551 398
726 11 840
726 12 19
726 623 23
727 342 806
727 726 184
728 104 838
728 187 434
728 378 628
728 500 548
730 529 599
730 699 975
731 561 770
732 201 865
732 342 725
732 724 774
734 289 934
735 235 131
736 193 184
737 111 102
737 700 729
738 611 879
739 100 636
740 145 320
740 178 55
740 369 416
740 725 727
741 163 629
742 142 808
742 153 822
742 214 43
742 217 481
742 523 895
742 572 396
743 216 467
743 300 511
743 361 475
744 572 710
744 708 386
745 304 649
745 502 846
745 514 76
745 539 233
745 570 110
745 729 9
745 92 463
746 618 393
747 454 689
748 22 664
748 390 791
748 502 496
749 482 667
75 30 416
750 70 707
750 733 642
751 87 337
752 161 671
752 199 368
752 303 766
752 609 452
752 61 937
753 3 43
753 469 93
753 485 349
753 78 737
754 270 969
754 306 377
754 311 56
754 427 411
754 507 34
754 560 942
754 678 246
754 727 512
755 390 915
756 100 326
757 654 296
758 756 438
760 572 7
760 610 939
760 74 757
760 83 913
761 508 106
762 1 862
763 445 364
764 273 425
765 106 168
765 228 209
766 324 711
766 759 976
767 168 469
768 585 419
769 258 61
769 264 839
770 122 494
770 19 964
770 611 973
771 469 613
772 145 409
81 64 738
